1024000
0
0
0
0
0
0
0
0
0
0
0
0
0
0
0
0
0
0
0
0
0
0
0
0
0
0
0
0
0
0
0
0
0
0
1
0
0
0
0
0
0
0
5
9
0
0
0
0
58
24
3
1
101
11
2
2
136
11
4
37
6
28
8
5
13
6
1
10
3
5
7
3
7
3
8
5
12
3
10
9
8
6
18
16
21
48
60
56
46
43
35
41
39
35
66
69
70
115
234
282
488
24
65
4
3
0
2
11
4
5
2
5
5
5
5
6
1
0
1
1
2
2
2
1
0
1
0
3
1
0
3
3
3
5
3
1
0
0
0
0
0
0
0
0
0
0
0
0
0
0
0
0
0
0
0
0
0
0
0
0
0
0
0
0
0
0
0
0
0
0
0
0
0
0
0
0
0
0
0
0
0
0
0
0
0
0
0
0
0
0
0
0
0
0
0
0
0
0
0
0
0
0
0
0
0
0
0
0
0
0
0
0
0
0
0
0
0
0
0
0
0
0
0
0
0
0
0
0
0
0
0
0
0
0
0
0
0
0
0
0
0
0
0
0
0
0
0
0
0
0
0
0
0
0
0
0
0
0
0
0
0
0
0
0
0
0
0
0
0
0
0
0
0
0
0
0
0
0
0
0
0
0
0
0
0
0
0
0
0
0
0
0
0
0
0
0
0
0
0
16
0
0
1
0
0
74
4
2
24
39
1
2
28
74
1
95
8
0
38
7
18
3
3
15
3
15
2
17
2
12
24
1
11
6
2
5
5
11
20
12
19
28
30
51
51
56
54
33
44
46
46
83
62
39
173
396
149
255
86
49
10
6
4
1
8
0
6
2
7
11
6
8
2
1
1
0
0
1
0
0
3
1
4
2
2
1
1
0
2
4
4
1
0
0
0
0
0
0
0
0
0
0
0
0
0
0
0
0
0
0
0
0
0
0
0
0
0
0
0
0
0
0
0
0
0
0
0
0
0
0
0
0
0
0
0
0
0
0
0
0
0
0
0
0
0
0
0
0
0
0
0
0
0
0
0
0
0
0
0
0
0
0
0
0
0
0
0
0
0
0
0
0
0
0
0
0
0
0
0
0
0
0
0
0
0
0
0
0
0
0
0
0
0
0
0
0
0
0
0
0
0
0
0
0
0
0
0
0
0
0
0
0