1024000
0
0
0
0
0
0
0
0
0
0
0
0
0
0
0
0
0
0
0
0
0
0
0
0
0
0
0
0
0
0
0
0
0
0
0
0
0
0
0
0
0
19
0
1
1
0
0
104
12
8
4
74
1
1
0
59
10
17
13
2
16
4
1
9
5
6
3
6
3
9
8
9
13
5
11
8
5
10
11
23
17
30
17
42
23
46
22
29
47
40
27
61
96
158
85
378
86
24
13
6
4
5
6
3
1
5
9
11
2
7
11
3
8
13
6
2
2
1
2
1
0
1
1
2
3
2
2
3
2
15
2
1
0
0
0
0
0
0
0
0
0
0
0
0
0
0
0
0
0
0
0
0
0
0
0
0
0
0
0
0
0
0
0
0
0
0
0
0
0
0
0
0
0
0
0
0
0
0
0
0
0
0
0
0
0
0
0
0
0
0
0
0
0
0
0
0
0
0
0
0
0
0
0
0
0
0
0
0
0
0
0
0
0
0
0
0
0
0
0
0
0
0
0
0
0
0
0
0
0
0
0
0
0
0
0
0
0
0
0
0
0
0
0
0
0
0
0
0
0
0
0
0
0
0
0
0
0
0
0
0
0
0
0
0
0
0
0
0
0
0
0
0
0
0
0
0
0
0
0
0
0
0
0
0
0
0
0
0
0
1
0
0
0
0
0
0
0
17
20
0
0
1
0
53
19
0
1
139
10
4
1
80
1
2
44
10
13
4
4
12
7
2
7
7
3
13
1
9
7
10
3
5
8
10
14
20
10
27
15
30
27
28
46
27
43
40
44
36
58
62
113
295
312
621
44
44
2
2
4
4
4
10
4
3
3
3
7
5
10
5
10
0
1
1
1
4
1
0
1
0
0
1
2
1
5
9
3
2
1
1
0
0
0
0
0
0
0
0
0
0
0
0
0
0
0
0
0
0
0
0
0
0
0
0
0
0
0
0
0
0
0
0
0
0
0
0
0
0
0
0
0
0
0
0
0
0
0
0
0
0
0
0
0
0
0
0
0
0
0
0
0
0
0
0
0
0
0
0
0
0
0
0
0
0
0
0
0
0
0
0
0
0
0
0
0
0
0
0
0
0
0
0
0
0
0
0
0
0
0
0
0
0
0
0
0
0
0
0
0
0
0
0
0
0
0
0
0
0
0
0
0
0