1024000
0
0
0
0
0
0
0
0
0
0
0
0
0
0
0
0
0
0
0
0
0
0
0
0
0
0
0
0
0
0
0
0
0
0
0
0
0
0
2
0
0
0
0
0
0
0
7
0
0
0
0
0
22
0
0
0
84
0
7
1
110
4
77
8
4
57
1
24
31
2
29
7
9
6
8
7
13
10
7
4
10
10
7
9
10
10
8
9
8
3
10
19
18
86
47
103
56
64
61
55
45
49
38
63
35
72
53
136
244
42
80
114
24
11
3
11
5
11
13
14
5
8
1
1
3
0
1
0
0
0
0
0
0
0
2
0
3
1
2
2
5
6
11
5
0
2
0
0
0
0
0
0
0
0
0
0
0
0
0
0
0
0
0
0
0
0
0
0
0
0
0
0
0
0
0
0
0
0
0
0
0
0
0
0
0
0
0
0
0
0
0
0
0
0
0
0
0
0
0
0
0
0
0
0
0
0
0
0
0
0
0
0
0
0
0
0
0
0
0
0
0
0
0
0
0
0
0
0
0
0
0
0
0
0
0
0
0
0
0
0
0
0
0
0
0
0
0
0
0
0
0
0
0
0
0
0
0
0
0
0
0
0
0
0
0
0
0
0
0
0
0
0
0
0
0
0
0
0
0
0
0
0
0
0
0
0
0
0
0
0
0
0
0
0
0
0
0
0
0
0
0
0
5
3
0
0
0
0
20
3
1
0
32
3
1
2
75
1
17
81
0
72
5
1
39
7
29
16
28
11
15
2
7
6
8
3
1
3
5
8
18
10
4
13
10
5
11
15
19
30
80
76
78
65
69
69
55
38
34
51
39
70
63
50
144
184
90
135
120
33
33
4
10
10
20
15
15
3
1
1
1
3
1
1
1
1
0
1
0
0
1
0
1
1
0
0
2
2
7
12
11
1
1
0
0
0
0
0
0
0
0
0
0
0
0
0
0
0
0
0
0
0
0
0
0
0
0
0
0
0
0
0
0
0
0
0
0
0
0
0
0
0
0
0
0
0
0
0
0
0
0
0
0
0
0
0
0
0
0
0
0
0
0
0
0
0
0
0
0
0
0
0
0
0
0
0
0
0
0
0
0
0
0
0
0
0
0
0
0
0
0
0
0
0
0
0
0
0
0
0
0
0
0
0
0
0
0
0
0
0
0
0