1024000
0
0
0
0
0
0
0
0
0
0
0
0
0
0
0
0
0
0
0
0
0
0
0
0
0
0
0
0
0
0
0
0
0
0
0
0
0
0
0
0
0
0
0
0
0
0
0
0
0
0
0
0
0
0
0
0
0
0
0
0
0
0
0
0
0
0
0
0
0
0
0
0
0
0
0
0
0
0
0
0
0
0
0
0
0
0
0
0
0
0
0
0
0
0
0
0
0
0
0
0
0
1
1
0
2
1
1
4
2
2
0
3
3
10
3
9
5
5
12
7
4
4
3
0
1
4
0
3
1
0
2
0
4
1
0
2
1
2
3
3
2
2
6
2
2
3
4
6
3
8
11
10
22
20
28
21
23
32
30
32
25
37
34
39
104
47
23
23
21
21
38
25
13
10
585
527
3481
774
300
0
0
1
0
0
1
1
1
0
2
0
0
1
0
0
0
0
0
0
0
0
0
0
0
0
0
0
0
0
0
0
0
0
0
0
0
0
0
0
0
0
0
0
0
0
0
0
0
0
0
0
0
0
0
0
0
0
0
0
0
0
0
0
0
0
0
0
0
0
0
0
0
0
0
0
0
0
0
0
0
0
0
0
0
0
0
0
0
0
0
0
0
0
0
0
0
0
0
0
0
0
0
0
0
0
0
0
0
0
0
0
0
0
0
0
0
0
0
0
0
0
0
0
0
0
0
0
0
0
0
0
0
0
0
0
0
0
0
0
0
0
0
0
0
0
0
0
0
0
0
0
0
0
0
0
0
0
0
0
0
0
0
0
0
0
0
0
1
0
0
0
0
0
0
0
0
0
1
0
0
2
0
1
0
6
1
0
5
4
2
0
6
6
4
8
9
4
4
3
7
2
5
0
1
2
3
1
3
4
2
4
2
1
3
1
1
3
2
1
1
2
6
2
4
5
2
11
8
11
18
12
22
25
27
27
40
26
24
36
48
69
74
100
54
26
25
30
39
24
18
9
37
355
447
2070
835
166
0
1
0
1
0
0
0
0
2
1
0
0
0
0
0
0
0
0
0
0
0
0
0
0
0
0
0
0
0
0
0
0
0
0
0
0
0
0
0
0
0
0
0
0
0
0
0
0
0
0
0
0
0
0
0
0
0
0
0
0
0
0
0
0
0
0
0
0
0
0
0
0
0
0
0
0