7763268
0
0
0
0
0
0
0
12004
3076
600
153
74
72
371
1292
3019
5435
7807
6486
2538
8074
11769
15336
15542
15001
12951
12630
15492
20513
31177
13481
2213
998
1111
1238
1465
1479
1679
1784
1953
2007
2235
2437
2457
1881
1596
2123
2643
3037
3065
3256
3289
3491
3568
3674
3726
3436
2780
2372
2837
3412
3760
3852
4203
4163
4133
4146
4580
4808
4359
3896
4615
6040
7352
9026
10901
12382
13912
15630
17225
18483
18709
17055
16220
18945
24281
28443
31023
32203
34809
37328
40724
43230
45655
45202
41637
39984
45463
53061
57958
61284
64377
68076
67525
67033
66134
63816
59232
51993
47906
51153
57508
61563
63356
62810
62080
61015
60081
58462
55979
50660
43496
39880
41673
45640
47577
48162
47626
46446
44073
42190
40467
37922
33829
31648
33433
37721
40489
41367
41751
41626
40857
39487
37868
35655
33283
30215
29310
31361
34326
36295
36948
37986
38832
40138
40761
41194
38648
35707
32088
30740
33103
36858
39840
42088
43803
44466
44420
44437
43419
41723
38929
35557
33796
35540
38549
41076
42546
43569
44383
44435
44877
45367
43916
41794
38703
37507
41370
47928
54629
60088
64886
69512
73979
77830
78609
76008
70380
67376
71731
81074
89914
95996
98114
94604
88245
81499
74356
65400
56438
46411
40260
38697
38671
38169
37077
36255
35434
35582
35193
35831
35223
33914
30981
30045
32282
35556
38229
39117
40528
41019
43079
44091
44318
42140
35318
27317
20379
15876
12009
8233
4824
2538
1051
399
111
36
4
0
0
0
0
0
2
3
30
32
95
205
422
859
1924
10543
677034
620
122
96
114
157
350
848
1877
1729
1524
1212
818
2390
3684
4651
4853
4348
3888
3636
3556
1593
629
590
599
587
587
710
893
916
988
1090
1307
1215
1290
1462
1444
1038
959
1184
1504
1698
1633
1728
1653
1730
1808
1909
2036
1694
1428
1282
1461
1838
2019
2074
2276
2207
2189
2115
2290
2636
2485
2506
3030
3961
5039
6686
8627
10198
11627
13292
14917
16181
16250
15373
15298
17303
21678
25814
28144
29608
31752
34686
37802
40518
42455
42684
40061
39714
43544
49978
55295
58349
61791
63806
64577
63620
63064
60858
56570
50883
47553
49761
54306
58779
60966
60296
59328
58609
57689
56032
53712
48144
42694
40014
40620
43699
45560
45823
45229
44088
42149
40447
38421
35904
32735
31589
32857
35504
38023
39289
39380
39112
38386
37459
35786
33709
31473
28768
28307
29358
31831
33497
34428
35271
35759
37442
37768
37819
36090
32808
30684
29681
30699
33493
36674
38509
39994
41211
40984
41317
40361
38727
35922
33655
32706
33437
35494
37931
39487
39796
40721
41035
41196
41649
40552
38705
36500
36181
38950
44123
50384
56128
60587
64326
68963
72967
74112
71584
67790
66135
68910
75995
84289
90580
94481
90460
84569
78127
71070
62761
54212
45892
40695
38372
37097
36483
34452
33897
33452
32995
33387
33321
32941
31694
29866
29496
30749
33127
34323
35384
35587
36502
38195
39452
40575
38388
31635
23293
16762
12355
8920
5815
3474
1698
674
243
98
145
55
34
43
50
32
40
76
124
59
33
51
106
202
766
2429
6839
