7763268
0
0
0
0
0
0
0
12004
3076
600
153
74
72
371
1292
3019
5435
7807
6486
2538
8074
11769
15336
15542
15001
12951
12630
15492
20513
31177
13481
2213
998
1111
1238
1465
1479
1679
1784
1953
2007
2235
2437
2457
1881
1596
2123
2643
3037
3065
3256
3289
3491
3568
3674
3726
3436
2780
2372
2837
3412
3760
3852
4203
4163
4133
4146
4580
4808
4359
3896
4615
6040
7352
9026
10901
12382
13912
15630
17225
18483
18709
17055
16220
18945
24281
28443
31023
32203
34809
37328
40724
43230
45655
45202
41637
39984
45463
53061
57958
61284
64377
68076
67525
67033
66134
63816
59232
51993
47906
51153
57508
61563
63356
62810
62080
61015
60081
58462
55979
50660
43496
39880
41673
45640
47577
48162
47626
46446
44073
42190
40467
37922
33829
31648
33433
37721
40489
41367
41751
41626
40857
39487
37868
35655
33283
30215
29310
31361
34326
36295
36948
37986
38832
40138
40761
41194
38648
35707
32088
30740
33103
36858
39840
42088
43803
44466
44420
44437
43419
41723
38929
35557
33796
35540
38549
41076
42546
43569
44383
44435
44877
45367
43916
41794
38703
37507
41370
47928
54629
60088
64886
69512
73979
77830
78609
76008
70380
67376
71731
81074
89914
95996
98114
94604
88245
81499
74356
65400
56438
46411
40260
38697
38671
38169
37077
36255
35434
35582
35193
35831
35223
33914
30981
30045
32282
35556
38229
39117
40528
41019
43079
44091
44318
42140
35318
27317
20379
15876
12009
8233
4824
2538
1051
399
111
36
4
0
0
0
0
0
2
3
30
32
95
205
422
859
1924
10543
1179478
575
76
72
85
103
107
100
228
531
1178
1032
535
1191
1045
510
440
299
264
248
271
313
308
296
332
341
301
405
501
493
532
636
808
747
847
918
925
634
564
752
948
1149
1074
1155
1138
1207
1266
1203
1250
1051
928
852
1024
1296
1452
1510
1756
1666
1559
1564
1741
2017
1955
2031
2582
3384
4567
6136
8124
9691
11251
12960
14482
15586
15947
15058
14876
16908
20995
25147
27315
28616
30932
33434
36756
38959
41067
41102
38640
38196
41953
47954
52984
56413
59266
62052
62045
61561
60677
59224
54302
48838
46309
47886
52544
57116
58682
58244
57535
56348
55672
53840
51092
46027
40742
38245
38959
41641
43602
43746
43319
41901
40061
38311
36469
33909
31233
29915
30953
33858
36087
37389
37313
37031
36432
35456
33709
31655
29229
27110
26191
27669
29957
31506
32020
32958
33516
34887
35801
35614
33813
31061
29089
28004
29114
31749
34352
36384
37116
38100
37769
37978
36307
34742
32208
29965
28848
29520
31376
33676
35118
35767
36022
36554
36735
37013
35798
34081
31931
31714
34003
38675
44642
49667
54267
58731
63424
67275
69270
66640
63408
61775
64064
70327
78013
83785
86063
82875
75870
69608
62805
56576
48552
41663
36627
34426
33321
32390
30964
30287
30021
30714
31080
31773
31351
30557
28623
27991
28901
30986
32155
32809
33076
34252
35538
37385
38607
37051
31144
23432
17459
12765
9437
6001
3540
1691
674
233
96
151
50
39
29
48
43
44
59
142
58
31
55
96
214
691
2454
6343
