1024000
0
0
0
0
0
0
0
0
0
0
0
0
0
0
0
0
0
0
0
0
0
0
0
0
0
0
0
0
0
0
0
0
0
0
0
0
0
0
0
0
0
0
0
0
0
0
0
0
0
0
0
0
0
0
0
0
0
0
0
0
0
0
0
0
0
0
0
0
0
0
0
0
0
0
0
0
0
0
0
0
0
0
0
0
0
0
0
0
0
0
0
0
1
0
0
0
0
0
0
1
3
0
1
1
0
0
1
1
0
1
2
3
1
2
3
4
3
7
6
13
0
0
6
0
8
0
2
2
1
1
3
1
0
2
2
3
0
3
3
2
3
0
1
4
6
4
5
4
7
8
5
3
9
19
21
19
27
26
25
35
22
21
26
40
45
41
98
73
33
29
24
36
34
13
11
23
633
537
2159
1061
268
0
0
0
0
1
0
0
1
0
1
0
0
0
0
0
0
0
0
0
0
0
0
0
0
0
0
0
0
0
0
0
0
0
0
0
0
0
0
0
0
0
0
0
0
0
0
0
0
0
0
0
0
0
0
0
0
0
0
0
0
0
0
0
0
0
0
0
0
0
0
0
0
0
0
0
0
0
0
0
0
0
0
0
0
0
0
0
0
0
0
0
0
0
0
0
0
0
0
0
0
0
0
0
0
0
0
0
0
0
0
0
0
0
0
0
0
0
0
0
0
0
0
0
0
0
0
0
0
0
0
0
0
0
0
0
0
0
0
0
0
0
0
0
0
0
0
0
0
0
0
0
0
0
0
0
0
0
0
0
0
0
0
0
0
0
0
0
0
0
0
0
0
0
0
1
1
0
2
0
0
2
0
0
0
3
2
0
4
2
6
0
10
6
3
9
3
3
6
4
4
3
3
4
3
3
0
1
3
3
0
0
1
2
4
2
0
2
2
2
3
0
2
0
6
3
3
8
7
14
13
15
22
24
28
29
34
34
30
19
41
56
49
105
66
28
24
20
17
29
7
8
26
543
315
3543
1085
75
0
0
0
2
0
0
0
0
2
0
0
0
0
0
0
0
0
0
0
0
0
0
0
0
0
0
0
0
0
0
0
0
0
0
0
0
0
0
0
0
0
0
0
0
0
0
0
0
0
0
0
0
0
0
0
0
0
0
0
0
0
0
0
0
0
0
0
0
0
0
0
0
0
0