1024000
0
0
0
0
0
0
0
0
0
0
0
0
0
0
0
0
0
0
0
0
0
0
0
0
0
0
0
0
0
0
0
0
0
0
0
0
0
0
0
0
0
0
0
0
0
0
0
0
0
2
0
0
0
1
0
11
2
0
0
37
2
0
27
44
10
47
2
1
82
2
58
14
6
52
2
40
2
39
2
20
13
6
9
11
5
10
7
3
12
17
7
8
10
12
9
4
15
8
17
10
32
23
24
39
39
57
43
38
45
39
47
44
76
54
74
192
160
102
180
199
15
20
7
9
7
17
3
0
0
0
0
0
0
0
1
0
2
1
0
1
1
0
0
0
0
0
2
3
7
10
4
0
0
0
0
0
0
0
0
0
0
0
0
0
0
0
0
0
0
0
0
0
0
0
0
0
0
0
0
0
0
0
0
0
0
0
0
0
0
0
0
0
0
0
0
0
0
0
0
0
0
0
0
0
0
0
0
0
0
0
0
0
0
0
0
0
0
0
0
0
0
0
0
0
0
0
0
0
0
0
0
0
0
0
0
0
0
0
0
0
0
0
0
0
0
0
0
0
0
0
0
0
0
0
0
0
0
0
0
0
0
0
0
0
0
0
0
0
0
0
0
0
0
0
0
0
0
0
0
0
0
0
0
0
0
0
0
0
0
0
0
0
0
0
0
0
0
0
0
0
0
0
0
0
0
1
0
0
0
0
0
7
0
2
1
34
2
1
0
52
5
17
36
1
64
4
0
53
3
65
4
57
2
39
7
20
13
2
10
3
12
5
8
7
6
19
12
9
8
8
6
9
10
15
12
6
20
26
49
43
57
53
75
50
40
47
31
25
54
45
39
82
98
112
46
117
317
43
5
5
9
11
13
6
1
1
0
0
0
0
0
0
0
0
0
0
0
0
0
1
0
0
0
0
1
3
6
7
0
1
0
0
0
0
0
0
0
0
0
0
0
0
0
0
0
0
0
0
0
0
0
0
0
0
0
0
0
0
0
0
0
0
0
0
0
0
0
0
0
0
0
0
0
0
0
0
0
0
0
0
0
0
0
0
0
0
0
0
0
0
0
0
0
0
0
0
0
0
0
0
0
0
0
0
0
0
0
0
0
0
0
0
0
0
0
0
0
0
0
0
0
0
0
0
0
0
0
0
0
0
0
0