1024000
0
0
0
0
0
0
0
0
0
0
0
0
0
0
0
0
0
0
0
0
0
0
0
0
0
0
0
0
0
0
0
0
0
0
0
0
0
0
0
0
0
0
0
0
0
0
0
0
0
0
0
0
0
0
2
0
0
0
0
0
12
1
0
7
9
0
2
13
7
1
26
2
0
37
2
39
5
0
77
4
62
1
54
6
29
40
2
22
27
7
18
12
5
9
9
6
2
6
9
9
7
12
7
6
11
4
12
12
11
12
14
6
5
16
51
59
46
46
42
53
46
38
38
48
35
54
43
35
47
273
307
243
650
588
431
26
5
6
159
9
1
0
0
0
1
0
0
1
1
0
1
0
0
1
0
1
1
0
0
1
3
0
1
1
0
0
0
0
0
0
0
0
0
0
0
0
0
0
0
0
0
0
0
0
0
0
0
0
0
0
0
0
0
0
0
0
0
0
0
0
0
0
0
0
0
0
0
0
0
0
0
0
0
0
0
0
0
0
0
0
0
0
0
0
0
0
0
0
0
0
0
0
0
0
0
0
0
0
0
0
0
0
0
0
0
0
0
0
0
0
0
0
0
0
0
0
0
0
0
0
0
0
0
0
0
0
0
0
0
0
0
0
0
0
0
0
0
0
0
0
0
0
0
0
0
0
0
0
0
0
0
0
0
0
0
0
0
0
0
0
0
0
0
0
0
0
0
0
0
0
1
0
0
0
0
0
3
0
0
0
13
0
0
0
16
0
16
11
3
33
0
34
30
2
45
6
52
2
49
8
38
20
5
36
12
24
9
14
10
6
6
5
19
6
3
2
5
6
6
7
13
9
8
9
12
11
12
9
8
22
26
33
48
40
43
43
50
46
30
37
34
35
79
42
28
42
284
251
246
723
420
232
18
4
24
167
151
0
0
0
2
2
0
0
1
0
0
0
0
0
0
0
0
1
0
0
3
0
0
0
0
0
0
0
0
0
0
0
0
0
0
0
0
0
0
0
0
0
0
0
0
0
0
0
0
0
0
0
0
0
0
0
0
0
0
0
0
0
0
0
0
0
0
0
0
0
0
0
0
0
0
0
0
0
0
0
0
0
0
0
0
0
0
0
0
0
0
0
0
0
0
0
0
0
0
0
0
0
0
0
0
0
0
0
0
0
0
0
0
0
0
0