1024000
0
0
0
0
0
0
0
0
0
0
0
0
0
0
0
0
0
0
0
0
0
0
0
0
0
0
0
0
4
5
0
0
0
0
0
0
0
61
16
4
3
0
0
176
0
1
15
108
6
0
9
25
7
24
14
6
10
4
5
3
20
6
5
7
8
12
5
9
7
4
16
24
18
14
36
31
33
70
72
85
45
137
298
142
71
17
6
5
5
1
4
1
2
3
2
1
0
1
5
1
1
2
3
3
4
7
9
0
0
2
1
0
0
0
1
1
0
1
3
3
3
1
1
0
1
0
0
0
0
0
0
0
0
0
0
0
0
0
0
0
0
0
0
0
0
0
0
0
0
0
0
0
0
0
0
0
0
0
0
0
0
0
0
0
0
0
0
0
0
0
0
0
0
0
0
0
0
0
0
0
0
0
0
0
0
0
0
0
0
0
0
0
0
0
0
0
0
0
0
0
0
0
0
0
0
0
0
0
0
0
0
0
0
0
0
0
0
0
0
0
0
0
0
0
0
0
0
0
0
0
0
0
0
0
0
0
0
0
0
0
0
0
0
0
0
0
0
0
0
0
0
0
0
0
0
0
0
0
0
0
0
0
0
0
0
0
0
0
0
0
0
0
0
0
0
0
0
0
0
0
0
0
0
0
0
2
2
1
0
0
0
0
0
33
9
3
1
1
0
87
17
5
3
66
4
5
5
44
5
13
15
2
7
8
6
14
3
13
13
21
10
11
3
5
10
8
9
15
22
19
21
15
20
50
47
51
81
31
102
304
112
121
45
5
2
0
3
3
1
3
3
2
1
2
1
2
7
8
2
5
3
10
4
10
2
0
1
0
0
0
0
1
0
2
1
2
5
1
0
0
0
0
0
0
0
0
0
0
0
0
0
0
0
0
0
0
0
0
0
0
0
0
0
0
0
0
0
0
0
0
0
0
0
0
0
0
0
0
0
0
0
0
0
0
0
0
0
0
0
0
0
0
0
0
0
0
0
0
0
0
0
0
0
0
0
0
0
0
0
0
0
0
0
0
0
0
0
0
0
0
0
0
0
0
0
0
0
0
0
0
0
0
0
0
0
0
0
0
0
0
0
0
0
0
0
0
0
0
0
0
0
0
0
0
0
0
0
0
0
0
0
0
0
0
0
0
0
0
0
0
0
0