1024000
0
0
0
0
0
0
0
0
0
0
0
0
0
0
0
0
0
0
0
0
0
0
0
0
0
0
0
0
0
0
0
0
0
0
0
0
0
0
0
0
0
0
9
2
0
0
0
0
114
2
2
8
52
4
0
59
24
1
42
5
11
20
2
13
6
4
8
2
5
3
7
4
14
13
5
9
8
5
9
6
14
14
25
22
28
44
37
51
44
35
46
55
58
66
98
135
511
171
336
78
20
9
7
6
3
6
1
6
3
2
2
5
0
5
7
1
1
1
0
0
2
0
0
0
0
2
3
1
1
0
6
4
1
2
0
0
0
0
0
0
0
0
0
0
0
0
0
0
0
0
0
0
0
0
0
0
0
0
0
0
0
0
0
0
0
0
0
0
0
0
0
0
0
0
0
0
0
0
0
0
0
0
0
0
0
0
0
0
0
0
0
0
0
0
0
0
0
0
0
0
0
0
0
0
0
0
0
0
0
0
0
0
0
0
0
0
0
0
0
0
0
0
0
0
0
0
0
0
0
0
0
0
0
0
0
0
0
0
0
0
0
0
0
0
0
0
0
0
0
0
0
0
0
0
0
0
0
0
0
0
0
0
0
0
0
0
0
0
0
0
0
0
0
0
0
0
0
0
0
0
0
0
0
0
0
0
0
0
0
0
0
0
0
0
0
0
0
0
13
0
0
0
1
0
69
3
2
1
142
11
1
0
93
8
31
31
9
19
5
8
19
2
9
2
7
2
9
1
13
10
10
14
5
17
13
5
15
3
30
23
36
31
29
42
39
38
47
48
51
50
73
84
179
95
229
55
23
8
5
4
12
7
5
7
5
3
5
5
3
5
15
7
2
0
1
0
1
0
1
0
1
1
0
0
1
2
7
3
1
4
2
0
0
0
0
0
0
0
0
0
0
0
0
0
0
0
0
0
0
0
0
0
0
0
0
0
0
0
0
0
0
0
0
0
0
0
0
0
0
0
0
0
0
0
0
0
0
0
0
0
0
0
0
0
0
0
0
0
0
0
0
0
0
0
0
0
0
0
0
0
0
0
0
0
0
0
0
0
0
0
0
0
0
0
0
0
0
0
0
0
0
0
0
0
0
0
0
0
0
0
0
0
0
0
0
0
0
0
0
0
0
0
0
0
0
0
0
0
0
0
0
0
0
0
0
0
0
0
0
0
0
0
0
0
0
0
0
0
0
0
0
0
0
0
0
0
0
0
0
0
0
0
0
0
0
0
1
0
0
0
0
0
0
0
5
9
0
0
0
0
58
24
3
1
101
11
2
2
136
11
4
37
6
28
8
5
13
6
1
10
3
5
7
3
7
3
8
5
12
3
10
9
8
6
18
16
21
48
60
56
46
43
35
41
39
35
66
69
70
115
234
282
488
24
65
4
3
0
2
11
4
5
2
5
5
5
5
6
1
0
1
1
2
2
2
1
0
1
0
3
1
0
3
3
3
5
3
1
0
0
0
0
0
0
0
0
0
0
0
0
0
0
0
0
0
0
0
0
0
0
0
0
0
0
0
0
0
0
0
0
0
0
0
0
0
0
0
0
0
0
0
0
0
0
0
0
0
0
0
0
0
0
0
0
0
0
0
0
0
0
0
0
0
0
0
0
0
0
0
0
0
0
0
0
0
0
0
0
0
0
0
0
0
0
0
0
0
0
0
0
0
0
0
0
0
0
0
0
0
0
0
0
0
0
0
0
0
0
0
0
0
0
0
0
0
0
0
0
0
0
0
0
0
0
0
0
0
0
0
0
0
0
0
0
0
0
0
0
0
0
0
0
0
0
0
0
0
0
0
0
0
0
0
0
0
0
0
0
0
0
0
16
0
0
1
0
0
74
4
2
24
39
1
2
28
74
1
95
8
0
38
7
18
3
3
15
3
15
2
17
2
12
24
1
11
6
2
5
5
11
20
12
19
28
30
51
51
56
54
33
44
46
46
83
62
39
173
396
149
255
86
49
10
6
4
1
8
0
6
2
7
11
6
8
2
1
1
0
0
1
0
0
3
1
4
2
2
1
1
0
2
4
4
1
0
0
0
0
0
0
0
0
0
0
0
0
0
0
0
0
0
0
0
0
0
0
0
0
0
0
0
0
0
0
0
0
0
0
0
0
0
0
0
0
0
0
0
0
0
0
0
0
0
0
0
0
0
0
0
0
0
0
0
0
0
0
0
0
0
0
0
0
0
0
0
0
0
0
0
0
0
0
0
0
0
0
0
0
0
0
0
0
0
0
0
0
0
0
0
0
0
0
0
0
0
0
0
0
0
0
0
0
0
0
0
0
0
0
0
0
0
0
0
0
0
0
0
0
0
0
0
0
0
0
0
0
0
0
0
0
0
0
0
0
0
0
0
0
0
0
0
0
0
0
0
0
0
0
0
1
0
0
0
0
0
0
0
18
0
0
1
0
0
49
2
0
0
114
6
4
0
86
2
64
31
1
35
6
3
29
0
16
6
11
3
2
4
19
6
12
6
8
13
5
12
9
11
13
11
20
16
54
51
73
41
38
26
49
57
49
76
111
43
170
72
156
63
43
7
4
3
7
2
4
5
2
4
6
8
7
9
1
0
0
0
0
1
0
1
0
0
0
0
4
1
1
2
3
5
4
4
1
0
0
0
0
0
0
0
0
0
0
0
0
0
0
0
0
0
0
0
0
0
0
0
0
0
0
0
0
0
0
0
0
0
0
0
0
0
0
0
0
0
0
0
0
0
0
0
0
0
0
0
0
0
0
0
0
0
0
0
0
0
0
0
0
0
0
0
0
0
0
0
0
0
0
0
0
0
0
0
0
0
0
0
0
0
0
0
0
0
0
0
0
0
0
0
0
0
0
0
0
0
0
0
0
0
0
0
0
0
0
0
0
0
0
0
0
0
0
0
0
0
0
0
0
0
0
0
0
0
0
0
0
0
0
0
0
0
0
0
0
0
0
0
0
0
0
0
0
0
0
0
0
0
0
0
0
0
0
0
0
0
0
10
0
0
0
0
35
39
2
2
102
8
2
1
103
8
6
85
8
31
25
6
18
6
7
25
4
11
4
6
5
4
12
4
13
7
5
8
8
11
12
17
8
17
31
52
106
70
71
46
42
59
56
35
80
63
40
127
176
217
250
54
14
9
2
10
2
11
9
11
8
9
3
8
5
2
0
1
1
0
0
0
0
0
1
1
2
1
5
1
4
4
6
3
1
0
0
0
0
0
0
0
0
0
0
0
0
0
0
0
0
0
0
0
0
0
0
0
0
0
0
0
0
0
0
0
0
0
0
0
0
0
0
0
0
0
0
0
0
0
0
0
0
0
0
0
0
0
0
0
0
0
0
0
0
0
0
0
0
0
0
0
0
0
0
0
0
0
0
0
0
0
0
0
0
0
0
0
0
0
0
0
0
0
0
0
0
0
0
0
0
0
0
0
0
0
0
0
0
0
0
0
0
0
0
0
0
0
0
0
0
0
0
0
0
0
0
0
0
0
0
0
0
0
0
0
0
0
0
0
0
0
0
0
0
0
0
0
0
0
0
0
0
0
0
0
0
0
0
0
0
0
0
0
0
0
0
9
0
0
0
0
0
42
1
1
1
92
2
0
4
94
1
69
2
2
26
4
21
5
2
14
1
19
3
9
1
10
6
3
15
11
12
9
9
7
8
7
14
14
16
37
40
81
62
71
41
52
52
37
65
50
63
51
215
335
89
175
38
48
12
7
6
3
2
3
6
0
7
5
14
4
0
1
1
3
3
1
0
2
0
1
0
1
2
2
1
2
0
4
2
0
0
0
0
0
0
0
0
0
0
0
0
0
0
0
0
0
0
0
0
0
0
0
0
0
0
0
0
0
0
0
0
0
0
0
0
0
0
0
0
0
0
0
0
0
0
0
0
0
0
0
0
0
0
0
0
0
0
0
0
0
0
0
0
0
0
0
0
0
0
0
0
0
0
0
0
0
0
0
0
0
0
0
0
0
0
0
0
0
0
0
0
0
0
0
0
0
0
0
0
0
0
0
0
0
0
0
0
0
0
0
0
0
0
0
0
0
0
0
0
0
0
0
0
0
0
0
0
0
0
0
0
0
0
0
0
0
0
0
0
0
0
0
0
0
0
0
0
0
0
0
0
0
0
0
0
0
0
0
0
0
0
15
1
0
0
0
0
27
2
2
0
35
9
2
2
138
0
15
61
1
36
7
3
24
5
13
3
11
6
9
5
7
5
13
7
12
13
4
14
4
10
11
10
16
18
28
56
56
94
57
63
36
37
52
43
59
34
101
41
256
132
38
91
52
6
10
5
6
4
5
11
3
8
7
0
4
1
1
0
0
0
1
2
0
0
0
0
0
1
0
3
0
3
5
4
7
1
0
0
0
0
0
0
0
0
0
0
0
0
0
0
0
0
0
0
0
0
0
0
0
0
0
0
0
0
0
0
0
0
0
0
0
0
0
0
0
0
0
0
0
0
0
0
0
0
0
0
0
0
0
0
0
0
0
0
0
0
0
0
0
0
0
0
0
0
0
0
0
0
0
0
0
0
0
0
0
0
0
0
0
0
0
0
0
0
0
0
0
0
0
0
0
0
0
0
0
0
0
0
0
0
0
0
0
0
0
0
0
0
0
0
0
0
0
0
0
0
0
0
0
0
0
0
0
0
0
0
0
0
0
0
0
0
0
0
0
0
0
0
0
0
0
0
0
0
0
0
0
0
0
0
0
0
0
0
0
0
0
13
0
0
0
0
28
25
3
1
57
12
5
0
46
18
4
85
6
32
30
1
15
4
6
21
6
18
4
6
5
7
16
4
7
23
3
15
13
9
8
10
19
16
14
39
91
80
123
94
73
48
39
49
50
35
29
40
51
116
389
64
64
73
18
7
6
8
6
8
4
5
4
12
11
4
2
1
2
0
0
1
0
0
0
0
1
0
1
0
0
1
4
0
10
4
0
0
0
0
0
0
0
0
0
0
0
0
0
0
0
0
0
0
0
0
0
0
0
0
0
0
0
0
0
0
0
0
0
0
0
0
0
0
0
0
0
0
0
0
0
0
0
0
0
0
0
0
0
0
0
0
0
0
0
0
0
0
0
0
0
0
0
0
0
0
0
0
0
0
0
0
0
0
0
0
0
0
0
0
0
0
0
0
0
0
0
0
0
0
0
0
0
0
0
0
0
0
0
0
0
0
0
0
0
0
0
0
0
0
0
0
0
0
0
0
0
0
0
0
0
0
0
0
0
0
0
0
0
0
0
0
0
0
0
0
0
0
0
0
0
0
0
0
0
0
0
0
1
1
0
0
0
0
0
0
0
14
0
0
0
0
0
40
1
0
0
72
6
1
1
60
3
75
5
2
48
4
23
26
3
17
7
21
3
12
4
14
10
5
6
8
15
10
7
9
7
13
6
11
14
11
21
65
88
112
61
67
60
28
63
57
51
70
68
35
115
218
96
158
56
26
6
5
6
4
4
6
7
13
13
10
5
2
0
1
0
0
0
1
1
0
0
0
0
0
1
4
1
2
1
5
2
3
1
0
0
0
0
0
0
0
0
0
0
0
0
0
0
0
0
0
0
0
0
0
0
0
0
0
0
0
0
0
0
0
0
0
0
0
0
0
0
0
0
0
0
0
0
0
0
0
0
0
0
0
0
0
0
0
0
0
0
0
0
0
0
0
0
0
0
0
0
0
0
0
0
0
0
0
0
0
0
0
0
0
0
0
0
0
0
0
0
0
0
0
0
0
0
0
0
0
0
0
0
0
0
0
0
0
0
0
0
0
0
0
0
0
0
0
0
0
0
0
0
0
0
0
0
0
0
0
0
0
0
0
0
0
0
0
0
0
0
0
0
0
0
0
0
0
0
0
0
0
0
1
0
0
0
0
0
0
0
6
4
0
0
0
0
26
0
1
0
48
5
0
0
111
10
10
59
4
57
4
4
28
2
20
22
7
11
8
3
7
4
9
4
9
9
1
7
14
7
15
7
15
12
11
15
39
77
82
115
56
72
52
51
62
48
53
80
74
76
241
245
59
120
76
62
8
3
7
4
3
13
10
3
0
0
0
0
1
0
2
0
0
0
0
0
1
0
0
0
2
3
4
3
4
7
6
5
0
0
0
0
0
0
0
0
0
0
0
0
0
0
0
0
0
0
0
0
0
0
0
0
0
0
0
0
0
0
0
0
0
0
0
0
0
0
0
0
0
0
0
0
0
0
0
0
0
0
0
0
0
0
0
0
0
0
0
0
0
0
0
0
0
0
0
0
0
0
0
0
0
0
0
0
0
0
0
0
0
0
0
0
0
0
0
0
0
0
0
0
0
0
0
0
0
0
0
0
0
0
0
0
0
0
0
0
0
0
0
0
0
0
0
0
0
0
0
0
0
0
0
0
0
0
0
0
0
0
0
0
0
0
0
0
0
0
0
0
0
0
0
0
0
0
0
0
0
0
0
0
0
0
0
0
0
0
0
3
2
0
0
0
21
26
1
0
46
25
9
0
88
5
4
96
9
9
32
4
32
10
3
19
11
9
4
16
4
11
7
6
16
20
9
18
20
9
9
9
10
11
13
16
10
31
111
82
84
103
60
51
45
54
39
31
35
66
77
228
142
47
56
73
17
10
8
8
4
12
1
13
5
15
1
0
1
1
1
0
0
2
1
0
0
0
1
0
0
0
0
1
5
9
9
6
3
3
0
0
0
0
0
0
0
0
0
0
0
0
0
0
0
0
0
0
0
0
0
0
0
0
0
0
0
0
0
0
0
0
0
0
0
0
0
0
0
0
0
0
0
0
0
0
0
0
0
0
0
0
0
0
0
0
0
0
0
0
0
0
0
0
0
0
0
0
0
0
0
0
0
0
0
0
0
0
0
0
0
0
0
0
0
0
0
0
0
0
0
0
0
0
0
0
0
0
0
0
0
0
0
0
0
0
0
0
0
0
0
0
0
0
0
0
0
0
0
0
0
0
0
0
0
0
0
0
0
0
0
0
0
0
0
0
0
0
0
0
0
0
0
0
0
0
0
0
0
2
0
0
0
0
0
0
0
7
0
0
0
0
0
22
0
0
0
84
0
7
1
110
4
77
8
4
57
1
24
31
2
29
7
9
6
8
7
13
10
7
4
10
10
7
9
10
10
8
9
8
3
10
19
18
86
47
103
56
64
61
55
45
49
38
63
35
72
53
136
244
42
80
114
24
11
3
11
5
11
13
14
5
8
1
1
3
0
1
0
0
0
0
0
0
0
2
0
3
1
2
2
5
6
11
5
0
2
0
0
0
0
0
0
0
0
0
0
0
0
0
0
0
0
0
0
0
0
0
0
0
0
0
0
0
0
0
0
0
0
0
0
0
0
0
0
0
0
0
0
0
0
0
0
0
0
0
0
0
0
0
0
0
0
0
0
0
0
0
0
0
0
0
0
0
0
0
0
0
0
0
0
0
0
0
0
0
0
0
0
0
0
0
0
0
0
0
0
0
0
0
0
0
0
0
0
0
0
0
0
0
0
0
0
0
0
0
0
0
0
0
0
0
0
0
0
0
0
0
0
0
0
0
0
0
0
0
0
0
0
0
0
0
0
0
0
0
0
0
0
0
0
0
0
0
0
0
0
0
0
0
0
0
0
5
3
0
0
0
0
20
3
1
0
32
3
1
2
75
1
17
81
0
72
5
1
39
7
29
16
28
11
15
2
7
6
8
3
1
3
5
8
18
10
4
13
10
5
11
15
19
30
80
76
78
65
69
69
55
38
34
51
39
70
63
50
144
184
90
135
120
33
33
4
10
10
20
15
15
3
1
1
1
3
1
1
1
1
0
1
0
0
1
0
1
1
0
0
2
2
7
12
11
1
1
0
0
0
0
0
0
0
0
0
0
0
0
0
0
0
0
0
0
0
0
0
0
0
0
0
0
0
0
0
0
0
0
0
0
0
0
0
0
0
0
0
0
0
0
0
0
0
0
0
0
0
0
0
0
0
0
0
0
0
0
0
0
0
0
0
0
0
0
0
0
0
0
0
0
0
0
0
0
0
0
0
0
0
0
0
0
0
0
0
0
0
0
0
0
0
0
0
0
0
0
0
0
0
0
0
0
0
0
0
0
0
0
0
0
0
0
0
0
0
0
0
0
0
0
0
0
0
0
0
0
0
0
0
0
0
0
0
0
0
0
0
0
0
0
0
0
0
0
0
0
0
0
0
0
0
0
4
0
0
0
0
0
30
0
0
29
22
12
1
51
13
3
92
6
13
53
1
68
8
2
35
3
26
8
13
4
11
10
1
12
10
7
9
5
6
9
8
13
7
10
8
14
15
19
38
71
101
69
61
59
54
34
45
47
45
43
49
72
213
176
55
92
98
102
33
9
13
4
9
4
4
10
1
1
3
0
0
0
0
0
0
0
0
0
1
0
1
1
1
2
4
2
7
10
12
2
0
0
0
0
0
0
0
0
0
0
0
0
0
0
0
0
0
0
0
0
0
0
0
0
0
0
0
0
0
0
0
0
0
0
0
0
0
0
0
0
0
0
0
0
0
0
0
0
0
0
0
0
0
0
0
0
0
0
0
0
0
0
0
0
0
0
0
0
0
0
0
0
0
0
0
0
0
0
0
0
0
0
0
0
0
0
0
0
0
0
0
0
0
0
0
0
0
0
0
0
0
0
0
0
0
0
0
0
0
0
0
0
0
0
0
0
0
0
0
0
0
0
0
0
0
0
0
0
0
0
0
0
0
0
0
0
0
0
0
0
0
0
0
0
0
0
0
0
0
0
0
0
0
0
0
0
8
0
0
0
0
0
21
0
1
0
36
2
2
1
91
12
58
22
6
74
4
20
35
2
43
6
22
4
27
5
6
5
1
14
4
8
6
8
11
12
11
7
12
13
8
6
9
8
32
49
59
44
67
60
51
31
42
49
38
58
57
78
50
195
148
82
28
49
13
8
6
3
10
20
6
2
1
0
0
0
1
1
1
0
1
0
0
1
0
0
0
1
0
3
2
5
5
14
15
0
2
0
0
0
0
0
0
0
0
0
0
0
0
0
0
0
0
0
0
0
0
0
0
0
0
0
0
0
0
0
0
0
0
0
0
0
0
0
0
0
0
0
0
0
0
0
0
0
0
0
0
0
0
0
0
0
0
0
0
0
0
0
0
0
0
0
0
0
0
0
0
0
0
0
0
0
0
0
0
0
0
0
0
0
0
0
0
0
0
0
0
0
0
0
0
0
0
0
0
0
0
0
0
0
0
0
0
0
0
0
0
0
0
0
0
0
0
0
0
0
0
0
0
0
0
0
0
0
0
0
0
0
0
0
0
0
0
0
0
0
0
0
0
0
0
0
0
0
0
0
0
0
0
0
0
0
3
2
0
0
0
0
24
2
0
0
47
1
2
1
75
11
2
103
3
38
2
5
50
5
27
24
29
21
21
16
13
1
6
7
11
16
5
18
11
12
10
16
5
5
5
4
12
15
12
24
97
117
40
55
40
59
38
34
53
40
31
81
34
61
156
152
70
38
169
74
2
0
10
6
13
7
4
0
3
1
3
2
1
0
1
0
0
0
0
0
1
0
0
0
3
2
1
18
18
25
8
1
0
0
0
0
0
0
0
0
0
0
0
0
0
0
0
0
0
0
0
0
0
0
0
0
0
0
0
0
0
0
0
0
0
0
0
0
0
0
0
0
0
0
0
0
0
0
0
0
0
0
0
0
0
0
0
0
0
0
0
0
0
0
0
0
0
0
0
0
0
0
0
0
0
0
0
0
0
0
0
0
0
0
0
0
0
0
0
0
0
0
0
0
0
0
0
0
0
0
0
0
0
0
0
0
0
0
0
0
0
0
0
0
0
0
0
0
0
0
0
0
0
0
0
0
0
0
0
0
0
0
0
0
0
0
0
0
0
0
0
0
0
0
0
0
0
0
0
0
0
0
0
0
0
0
0
11
0
0
0
1
0
13
0
1
17
34
3
1
44
46
2
83
4
9
55
7
61
2
3
27
4
24
1
21
4
17
10
2
13
11
5
9
17
10
14
14
7
14
15
8
7
5
11
15
25
31
46
71
34
58
42
36
21
36
52
64
49
57
85
120
124
42
93
137
92
14
2
9
3
5
4
6
2
1
0
0
0
0
0
0
0
1
0
0
1
0
0
1
0
0
3
5
14
29
9
0
0
0
0
0
0
0
0
0
0
0
0
0
0
0
0
0
0
0
0
0
0
0
0
0
0
0
0
0
0
0
0
0
0
0
0
0
0
0
0
0
0
0
0
0
0
0
0
0
0
0
0
0
0
0
0
0
0
0
0
0
0
0
0
0
0
0
0
0
0
0
0
0
0
0
0
0
0
0
0
0
0
0
0
0
0
0
0
0
0
0
0
0
0
0
0
0
0
0
0
0
0
0
0
0
0
0
0
0
0
0
0
0
0
0
0
0
0
0
0
0
0
0
0
0
0
0
0
0
0
0
0
0
0
0
0
0
0
0
0
0
0
0
0
0
0
0
0
0
0
0
0
0
0
0
0
2
0
0
0
0
0
24
0
0
1
41
1
2
0
113
1
74
7
2
75
5
6
45
0
61
4
38
1
15
1
9
6
3
6
1
22
5
10
19
12
11
13
12
6
5
9
9
6
15
10
43
33
42
57
37
34
56
32
46
35
49
30
76
63
68
133
166
59
138
167
157
11
6
11
8
5
5
1
1
0
0
0
0
0
0
1
0
2
0
0
0
0
0
0
0
1
1
2
8
16
9
5
0
0
0
0
0
0
0
0
0
0
0
0
0
0
0
0
0
0
0
0
0
0
0
0
0
0
0
0
0
0
0
0
0
0
0
0
0
0
0
0
0
0
0
0
0
0
0
0
0
0
0
0
0
0
0
0
0
0
0
0
0
0
0
0
0
0
0
0
0
0
0
0
0
0
0
0
0
0
0
0
0
0
0
0
0
0
0
0
0
0
0
0
0
0
0
0
0
0
0
0
0
0
0
0
0
0
0
0
0
0
0
0
0
0
0
0
0
0
0
0
0
0
0
0
0
0
0
0
0
0
0
0
0
0
0
0
0
0
0
0
0
0
0
0
0
0
1
0
0
0
0
0
0
0
0
2
0
0
0
1
12
4
1
0
53
6
0
0
70
4
3
93
5
57
13
0
85
2
14
27
17
19
17
16
15
14
8
6
7
9
2
12
17
8
15
12
18
7
14
9
9
11
14
20
7
27
39
63
47
46
47
63
27
19
32
29
43
61
56
63
166
161
65
155
207
237
3
3
7
6
10
5
2
0
0
1
0
0
0
0
0
1
0
0
0
0
0
1
0
3
0
1
3
6
5
5
8
0
0
0
0
0
0
0
0
0
0
0
0
0
0
0
0
0
0
0
0
0
0
0
0
0
0
0
0
0
0
0
0
0
0
0
0
0
0
0
0
0
0
0
0
0
0
0
0
0
0
0
0
0
0
0
0
0
0
0
0
0
0
0
0
0
0
0
0
0
0
0
0
0
0
0
0
0
0
0
0
0
0
0
0
0
0
0
0
0
0
0
0
0
0
0
0
0
0
0
0
0
0
0
0
0
0
0
0
0
0
0
0
0
0
0
0
0
0
0
0
0
0
0
0
0
0
0
0
0
0
0
0
0
0
0
0
0
0
0
0
0
0
0
0
0
0
0
0
0
0
0
0
0
0
2
0
0
0
1
0
11
2
0
0
37
2
0
27
44
10
47
2
1
82
2
58
14
6
52
2
40
2
39
2
20
13
6
9
11
5
10
7
3
12
17
7
8
10
12
9
4
15
8
17
10
32
23
24
39
39
57
43
38
45
39
47
44
76
54
74
192
160
102
180
199
15
20
7
9
7
17
3
0
0
0
0
0
0
0
1
0
2
1
0
1
1
0
0
0
0
0
2
3
7
10
4
0
0
0
0
0
0
0
0
0
0
0
0
0
0
0
0
0
0
0
0
0
0
0
0
0
0
0
0
0
0
0
0
0
0
0
0
0
0
0
0
0
0
0
0
0
0
0
0
0
0
0
0
0
0
0
0
0
0
0
0
0
0
0
0
0
0
0
0
0
0
0
0
0
0
0
0
0
0
0
0
0
0
0
0
0
0
0
0
0
0
0
0
0
0
0
0
0
0
0
0
0
0
0
0
0
0
0
0
0
0
0
0
0
0
0
0
0
0
0
0
0
0
0
0
0
0
0
0
0
0
0
0
0
0
0
0
0
0
0
0
0
0
0
0
0
0
0
0
0
0
0
0
0
0
1
0
0
0
0
0
7
0
2
1
34
2
1
0
52
5
17
36
1
64
4
0
53
3
65
4
57
2
39
7
20
13
2
10
3
12
5
8
7
6
19
12
9
8
8
6
9
10
15
12
6
20
26
49
43
57
53
75
50
40
47
31
25
54
45
39
82
98
112
46
117
317
43
5
5
9
11
13
6
1
1
0
0
0
0
0
0
0
0
0
0
0
0
0
1
0
0
0
0
1
3
6
7
0
1
0
0
0
0
0
0
0
0
0
0
0
0
0
0
0
0
0
0
0
0
0
0
0
0
0
0
0
0
0
0
0
0
0
0
0
0
0
0
0
0
0
0
0
0
0
0
0
0
0
0
0
0
0
0
0
0
0
0
0
0
0
0
0
0
0
0
0
0
0
0
0
0
0
0
0
0
0
0
0
0
0
0
0
0
0
0
0
0
0
0
0
0
0
0
0
0
0
0
0
0
0
0
0
0
0
0
0
0
0
0
0
0
0
0
0
0
0
0
0
0
0
0
0
0
0
0
0
0
0
0
0
0
0
0
0
0
0
0
0
0
0
0
0
2
0
0
0
0
0
0
0
1
3
0
0
0
0
3
4
1
0
50
6
2
0
41
2
2
68
3
36
8
2
89
9
10
49
25
36
25
24
17
15
24
5
17
11
0
11
14
6
8
14
10
10
3
11
4
14
11
12
8
10
13
11
35
43
37
48
53
36
49
46
44
54
66
44
40
73
139
207
83
312
203
437
6
9
14
3
5
0
1
0
0
0
2
0
0
0
0
0
0
0
0
0
0
0
0
0
0
2
0
1
13
5
0
2
0
0
0
0
0
0
0
0
0
0
0
0
0
0
0
0
0
0
0
0
0
0
0
0
0
0
0
0
0
0
0
0
0
0
0
0
0
0
0
0
0
0
0
0
0
0
0
0
0
0
0
0
0
0
0
0
0
0
0
0
0
0
0
0
0
0
0
0
0
0
0
0
0
0
0
0
0
0
0
0
0
0
0
0
0
0
0
0
0
0
0
0
0
0
0
0
0
0
0
0
0
0
0
0
0
0
0
0
0
0
0
0
0
0
0
0
0
0
0
0
0
0
0
0
0
0
0
0
0
0
0
0
0
0
0
0
0
0
0
0
0
0
0
0
0
0
0
0
0
0
0
1
0
0
0
0
0
7
0
0
0
30
0
0
27
45
0
43
5
3
84
7
49
9
6
81
6
36
1
38
2
17
20
5
9
10
5
10
1
15
22
9
7
12
13
9
5
7
11
8
11
4
3
4
12
32
28
51
49
44
42
38
38
60
59
65
96
43
23
147
210
88
240
455
492
7
4
9
25
17
0
0
1
0
0
0
0
0
0
0
0
0
0
0
0
1
0
1
0
1
1
0
2
9
3
1
0
0
0
0
0
0
0
0
0
0
0
0
0
0
0
0
0
0
0
0
0
0
0
0
0
0
0
0
0
0
0
0
0
0
0
0
0
0
0
0
0
0
0
0
0
0
0
0
0
0
0
0
0
0
0
0
0
0
0
0
0
0
0
0
0
0
0
0
0
0
0
0
0
0
0
0
0
0
0
0
0
0
0
0
0
0
0
0
0
0
0
0
0
0
0
0
0
0
0
0
0
0
0
0
0
0
0
0
0
0
0
0
0
0
0
0
0
0
0
0
0
0
0
0
0
0
0
0
0
0
0
0
0
0
0
0
0
0
0
0
0
0
0
0
0
0
0
0
0
0
0
1
0
0
0
0
0
9
1
0
0
34
1
0
1
33
0
25
34
3
39
2
1
79
1
47
19
67
7
55
5
35
22
8
11
12
14
5
13
12
9
7
8
13
13
4
3
3
13
7
4
8
5
7
5
13
21
46
55
36
44
52
44
43
45
61
82
57
40
73
138
143
70
281
425
586
15
15
12
21
9
3
0
0
0
0
0
0
1
0
0
0
0
0
0
0
0
0
0
1
1
2
0
2
6
3
0
0
0
0
0
0
0
0
0
0
0
0
0
0
0
0
0
0
0
0
0
0
0
0
0
0
0
0
0
0
0
0
0
0
0
0
0
0
0
0
0
0
0
0
0
0
0
0
0
0
0
0
0
0
0
0
0
0
0
0
0
0
0
0
0
0
0
0
0
0
0
0
0
0
0
0
0
0
0
0
0
0
0
0
0
0
0
0
0
0
0
0
0
0
0
0
0
0
0
0
0
0
0
0
0
0
0
0
0
0
0
0
0
0
0
0
0
0
0
0
0
0
0
0
0
0
0
0
0
0
0
0
0
0
0
0
0
0
0
0
0
0
0
0
0
0
0
0
0
0
0
0
2
0
0
0
0
6
8
0
0
26
17
0
1
64
3
3
51
5
23
26
3
46
2
8
49
13
43
12
28
20
18
29
5
9
15
3
8
9
3
12
26
12
9
10
8
5
13
15
19
6
7
6
8
10
10
19
35
32
40
43
39
28
22
43
39
100
44
55
57
140
190
95
245
429
794
12
7
31
21
5
2
0
1
0
0
0
1
0
0
0
1
0
0
0
0
0
0
0
0
0
1
1
3
5
4
0
0
0
0
0
0
0
0
0
0
0
0
0
0
0
0
0
0
0
0
0
0
0
0
0
0
0
0
0
0
0
0
0
0
0
0
0
0
0
0
0
0
0
0
0
0
0
0
0
0
0
0
0
0
0
0
0
0
0
0
0
0
0
0
0
0
0
0
0
0
0
0
0
0
0
0
0
0
0
0
0
0
0
0
0
0
0
0
0
0
0
0
0
0
0
0
0
0
0
0
0
0
0
0
0
0
0
0
0
0
0
0
0
0
0
0
0
0
0
0
0
0
0
0
0
0
0
0
0
0
0
0
0
0
0
0
0
0
0
0
0
0
0
0
0
0
0
0
0
0
0
1
0
0
0
0
0
9
0
0
0
38
0
0
0
35
1
46
1
4
63
1
63
6
4
54
4
78
3
43
3
33
19
4
15
12
8
5
6
13
10
16
12
8
20
10
14
8
17
15
12
17
12
8
7
8
13
35
45
41
31
56
53
48
38
42
33
75
41
49
69
201
185
89
282
403
877
12
13
19
13
4
0
0
0
0
0
1
0
0
0
0
0
1
0
0
0
0
0
0
0
2
1
1
1
7
6
0
0
0
0
0
0
0
0
0
0
0
0
0
0
0
0
0
0
0
0
0
0
0
0
0
0
0
0
0
0
0
0
0
0
0
0
0
0
0
0
0
0
0
0
0
0
0
0
0
0
0
0
0
0
0
0
0
0
0
0
0
0
0
0
0
0
0
0
0
0
0
0
0
0
0
0
0
0
0
0
0
0
0
0
0
0
0
0
0
0
0
0
0
0
0
0
0
0
0
0
0
0
0
0
0
0
0
0
0
0
0
0
0
0
0
0
0
0
0
0
0
0
0
0
0
0
0
0
0
0
0
0
0
0
0
0
0
0
0
0
0
0
0
0
0
0
0
0
0
0
0
0
1
0
0
0
10
0
0
0
44
1
0
0
44
4
21
33
1
35
6
2
83
5
37
9
45
4
45
7
37
26
12
14
15
14
7
16
16
7
3
14
14
14
10
8
9
7
14
9
6
6
14
6
5
7
18
26
34
41
56
56
45
50
54
24
45
61
54
60
72
184
170
140
258
193
17
25
5
27
3
1
0
0
0
0
0
1
0
1
0
1
0
0
1
0
0
0
0
0
2
0
0
0
1
13
7
0
0
0
0
0
0
0
0
0
0
0
0
0
0
0
0
0
0
0
0
0
0
0
0
0
0
0
0
0
0
0
0
0
0
0
0
0
0
0
0
0
0
0
0
0
0
0
0
0
0
0
0
0
0
0
0
0
0
0
0
0
0
0
0
0
0
0
0
0
0
0
0
0
0
0
0
0
0
0
0
0
0
0
0
0
0
0
0
0
0
0
0
0
0
0
0
0
0
0
0
0
0
0
0
0
0
0
0
0
0
0
0
0
0
0
0
0
0
0
0
0
0
0
0
0
0
0
0
0
0
0
0
0
0
0
0
0
0
0
0
0
0
0
0
0
0
0
0
0
0
2
0
0
0
0
2
6
0
0
24
11
0
0
51
4
0
47
8
24
37
8
64
4
1
87
7
48
6
37
9
31
22
3
21
22
5
10
7
3
6
9
11
5
4
11
8
7
12
15
18
18
13
13
7
10
14
25
21
25
45
53
46
44
32
46
28
22
33
26
25
55
135
114
101
225
773
115
35
9
19
0
0
0
0
0
0
0
0
0
0
0
0
0
0
0
0
0
0
0
0
0
0
1
1
1
4
1
0
1
0
0
0
0
0
0
0
0
0
0
0
0
0
0
0
0
0
0
0
0
0
0
0
0
0
0
0
0
0
0
0
0
0
0
0
0
0
0
0
0
0
0
0
0
0
0
0
0
0
0
0
0
0
0
0
0
0
0
0
0
0
0
0
0
0
0
0
0
0
0
0
0
0
0
0
0
0
0
0
0
0
0
0
0
0
0
0
0
0
0
0
0
0
0
0
0
0
0
0
0
0
0
0
0
0
0
0
0
0
0
0
0
0
0
0
0
0
0
0
0
0
0
0
0
0
0
0
0
0
0
0
0
0
0
0
0
0
0
0
0
0
0
0
0
0
0
0
1
1
0
0
0
0
11
1
0
0
21
0
0
5
26
1
27
5
2
42
4
36
26
3
56
8
84
5
50
5
37
27
2
23
16
7
11
5
11
7
2
5
7
15
12
8
5
12
8
10
13
14
10
6
10
10
7
13
30
25
46
41
50
54
58
46
49
33
92
18
47
76
133
283
213
685
824
166
6
25
8
1
0
0
0
0
0
0
0
1
0
1
0
1
0
0
0
0
0
1
1
2
1
1
2
0
2
0
0
0
0
0
0
0
0
0
0
0
0
0
0
0
0
0
0
0
0
0
0
0
0
0
0
0
0
0
0
0
0
0
0
0
0
0
0
0
0
0
0
0
0
0
0
0
0
0
0
0
0
0
0
0
0
0
0
0
0
0
0
0
0
0
0
0
0
0
0
0
0
0
0
0
0
0
0
0
0
0
0
0
0
0
0
0
0
0
0
0
0
0
0
0
0
0
0
0
0
0
0
0
0
0
0
0
0
0
0
0
0
0
0
0
0
0
0
0
0
0
0
0
0
0
0
0
0
0
0
0
0
0
0
0
0
0
0
0
0
0
0
0
0
0
0
0
0
0
0
0
0
0
0
0
10
0
0
1
29
0
0
0
35
1
1
47
5
47
3
2
81
0
51
11
38
8
50
8
32
11
31
11
14
18
2
12
9
4
7
13
8
7
3
6
10
11
4
10
17
13
15
11
12
6
8
10
21
20
47
57
27
66
57
38
47
42
35
80
32
28
48
183
341
252
751
886
294
23
32
14
2
0
0
0
0
0
1
0
0
0
0
0
0
1
0
0
0
0
1
0
2
0
0
0
1
1
0
0
0
0
0
0
0
0
0
0
0
0
0
0
0
0
0
0
0
0
0
0
0
0
0
0
0
0
0
0
0
0
0
0
0
0
0
0
0
0
0
0
0
0
0
0
0
0
0
0
0
0
0
0
0
0
0
0
0
0
0
0
0
0
0
0
0
0
0
0
0
0
0
0
0
0
0
0
0
0
0
0
0
0
0
0
0
0
0
0
0
0
0
0
0
0
0
0
0
0
0
0
0
0
0
0
0
0
0
0
0
0
0
0
0
0
0
0
0
0
0
0
0
0
0
0
0
0
0
0
0
0
0
0
0
0
0
0
0
0
0
0
0
0
0
0
0
0
0
0
0
0
0
0
0
3
0
0
12
7
0
0
15
8
0
31
2
23
40
1
39
5
1
61
4
67
10
35
7
34
29
0
20
15
4
17
11
10
9
8
6
7
7
9
6
7
13
10
9
7
8
14
11
10
11
6
22
23
27
41
45
45
61
45
48
61
32
48
79
30
52
61
263
314
248
755
1023
459
32
25
3
7
4
0
0
0
0
0
0
0
0
0
0
0
0
0
0
1
0
0
0
0
0
1
0
1
0
0
0
0
0
0
0
0
0
0
0
0
0
0
0
0
0
0
0
0
0
0
0
0
0
0
0
0
0
0
0
0
0
0
0
0
0
0
0
0
0
0
0
0
0
0
0
0
0
0
0
0
0
0
0
0
0
0
0
0
0
0
0
0
0
0
0
0
0
0
0
0
0
0
0
0
0
0
0
0
0
0
0
0
0
0
0
0
0
0
0
0
0
0
0
0