1024000
0
0
0
0
0
0
0
0
0
0
0
0
0
0
0
0
0
0
0
0
0
0
0
0
0
0
0
0
0
0
0
0
0
0
0
0
0
0
0
0
0
0
0
0
0
0
0
0
0
0
0
0
0
0
0
0
0
0
0
0
0
0
0
0
0
0
0
0
0
0
0
0
0
0
0
0
0
0
0
0
0
0
0
0
0
0
0
0
0
0
0
0
0
0
0
0
0
0
0
0
0
0
0
0
0
0
0
0
0
0
0
0
0
0
0
0
0
0
0
0
0
0
0
0
0
0
0
0
0
0
0
0
0
0
0
0
0
0
0
0
0
0
0
0
0
0
0
0
0
0
0
0
0
0
0
0
0
0
0
0
0
0
0
0
0
0
0
0
2
0
1
0
0
0
0
0
0
0
0
395
2244
1978
848
88
17
13
14
17
31
34
42
90
1245
72
65
61
49
32
30
16
17
17
11
3
4
5
8
1
2
0
3
1
3
2
3
7
0
0
3
1
3
2
0
0
0
0
1
0
0
0
0
0
1
1
0
0
0
4
14
2
0
0
0
0
0
0
0
0
0
0
0
0
0
0
0
0
