1024000
0
0
0
0
0
0
0
0
0
0
0
0
0
0
0
0
0
0
0
0
0
0
0
0
0
0
7
2
0
0
0
0
0
10
0
16
0
11
6
28
0
1
0
3
3
6
0
4
0
7
0
3
0
2
0
0
0
1
0
0
0
0
0
3
0
2
0
0
5
0
1
0
1
2
0
1
4
8
10
65
177
113
298
102
50
45
71
84
86
43
30
25
28
43
17
15
25
30
18
20
11
11
7
4
13
7
7
18
7
5
7
8
16
11
1
7
9
10
5
5
8
29
19
26
31
37
32
7
6
5
54
49
44
0
6
41
52
33
20
1
4
30
44
24
1
1
2
0
12
16
11
4
0
0
0
0
2
4
2
0
0
0
0
0
0
0
0
0
0
0
0
0
0
0
0
0
0
0
0
0
0
0
0
0
0
0
0
0
0
0
0
0
0
0
0
0
0
0
0
0
0
0
0
0
0
0
0
0
1
0
0
1
0
1
0
0
0
0
0
0
0
0
0
0
0
0
0
0
0
0
0
0
0
0
0
0
0
0
0
0
0
0
0
0
0
0
0
0
0
0
0
0
0
0
0
0
