1024000
0
0
0
0
0
0
0
0
0
0
0
0
0
0
0
0
0
0
0
0
0
0
0
0
0
0
0
0
0
0
0
0
0
0
0
0
0
0
0
0
0
0
0
0
0
0
0
0
0
0
0
0
0
0
0
0
0
0
0
1
3
1
3
0
0
4
2
3
2
2
13
5
3
6
8
1
5
1
3
2
4
1
1
2
4
2
9
2
10
0
5
6
9
29
24
621
171
95
115
39
111
80
65
43
49
28
52
60
64
65
101
59
97
25
10
20
8
15
11
11
13
13
8
9
8
8
6
9
8
8
6
6
9
6
7
11
14
7
16
24
4
20
45
37
11
34
29
23
17
23
27
10
0
1
17
3
8
5
9
7
1
0
1
3
3
0
0
0
0
0
0
0
0
0
0
0
0
0
0
0
0
0
0
0
0
0
0
0
0
0
0
0
0
0
0
0
0
0
0
0
0
0
0
0
0
0
0
0
1
0
0
0
0
0
0
0
0
0
0
0
0
0
0
0
0
0
0
0
0
0
0
0
0
0
0
0
0
0
0
0
0
0
0
0
0
0
0
0
0
0
0
0
0
0
0
0
