1024000
0
0
0
0
0
0
0
0
0
0
0
0
0
0
0
0
0
0
0
0
0
0
0
0
0
0
0
0
0
0
0
0
0
0
0
0
0
0
0
0
0
0
0
0
0
0
0
0
0
0
0
0
0
0
0
0
0
0
0
0
0
0
0
0
0
0
2
3
4
0
1
0
0
0
0
0
0
0
0
0
0
0
0
2
7
5
9
6
15
6
3
8
5
3
2
3
3
5
4
8
2
10
7
10
18
56
120
47
244
144
72
78
81
64
49
32
45
40
36
44
36
32
45
26
25
7
8
11
7
16
11
12
10
5
12
4
8
4
3
5
5
15
8
2
4
6
11
8
9
7
14
16
29
7
19
25
19
4
18
14
13
11
9
13
4
4
3
6
0
3
2
1
0
0
2
0
2
2
2
0
1
0
1
0
0
0
0
0
0
0
0
0
0
0
0
0
0
0
0
0
0
1
0
0
0
0
0
1
0
0
0
0
0
0
0
0
0
1
0
0
0
0
0
0
0
0
0
0
0
0
0
0
0
0
0
0
0
0
0
0
0
0
0
0
0
0
0
0
0
0
0
0
0
0
0
0
