1024000
0
0
0
0
0
0
0
0
0
0
0
0
0
0
0
0
0
0
0
0
0
0
0
0
0
0
0
0
0
0
0
0
0
0
0
0
0
0
0
0
0
0
0
0
0
0
0
0
0
0
0
0
0
0
0
0
0
0
0
0
0
0
0
0
0
0
0
0
0
0
0
0
0
0
0
0
0
0
0
0
0
0
0
0
0
0
0
0
0
0
0
0
0
0
0
0
0
0
0
0
0
0
0
0
0
0
0
0
0
0
0
0
0
0
0
0
0
0
0
0
0
0
0
0
0
0
0
0
0
0
0
0
0
0
0
0
1
4
1
0
0
0
0
0
1
0
2
1
0
0
0
0
0
1
0
0
0
0
0
141
656
2094
2556
226
169
2
4
30
49
24
21
25
33
66
192
52
47
40
38
20
25
22
26
20
24
18
22
17
14
10
13
5
3
6
2
4
1
3
1
0
1
3
2
1
3
2
1
0
0
0
0
0
3
0
0
1
0
0
1
0
0
0
0
0
0
0
0
1
0
0
0
0
0
1
0
0
0
0
0
0
0
0
0
0
0
0
0
0
0
0
0
0
0
0
0
0
