1024000
0
0
0
0
0
0
0
0
0
0
0
0
0
0
0
0
0
0
0
0
0
0
0
0
0
0
0
0
0
0
0
0
0
0
0
0
0
0
0
0
0
0
0
0
0
0
0
0
0
0
0
0
0
0
0
0
0
0
0
1
0
0
3
1
0
1
8
0
10
3
2
8
11
2
2
3
6
3
4
0
0
1
5
1
0
2
4
2
2
3
2
4
1
13
13
44
336
229
234
173
43
63
50
59
50
63
51
51
61
69
69
44
117
31
43
7
17
12
12
8
7
15
17
7
7
5
10
6
3
10
9
3
4
7
1
12
7
13
24
16
23
13
29
7
32
35
27
2
42
27
13
14
13
11
7
0
3
6
8
3
1
7
7
1
1
0
0
3
0
0
0
0
0
0
0
1
0
0
0
0
0
0
0
0
0
0
0
0
0
0
0
0
0
0
0
0
0
0
0
0
0
0
0
0
0
0
0
0
0
0
0
0
0
0
0
0
0
0
0
0
0
0
0
0
0
0
0
0
0
0
0
0
0
0
0
0
0
0
0
0
0
0
0
0
0
0
0
0
0
0
0
0
0
0
0
0
