1024000
0
0
0
0
0
0
0
0
0
0
0
0
0
0
0
0
0
0
0
0
0
0
0
0
0
0
0
0
0
0
0
0
0
0
0
0
0
0
0
0
0
0
0
0
0
0
0
0
0
0
0
0
0
0
0
0
0
0
0
0
0
1
0
0
0
1
0
0
0
20
0
10
5
0
35
3
0
48
3
59
2
65
6
49
2
42
41
5
31
12
28
10
19
16
12
8
9
7
1
9
7
10
4
3
4
5
8
6
12
13
2
10
9
4
7
11
16
59
47
56
31
39
39
39
26
33
38
33
38
67
31
48
54
267
253
272
817
388
116
10
5
78
334
343
27
0
3
0
1
0
0
0
0
0
0
0
1
1
0
2
2
1
1
0
0
0
0
0
0
0
0
0
0
0
0
0
0
0
0
0
0
0
0
0
0
0
0
0
0
0
0
0
0
0
0
0
0
0
0
0
0
0
0
0
0
0
0
0
0
0
0
0
0
0
0
0
0
0
0
0
0
0
0
0
0
0
0
0
0
0
0
0
0
0
0
0
0
0
0
0
0
0
0
0
0
0
0
0
0
0
0
0
0
0
0
0
0
0
0
0
0
0
0
0
0
0
0
0
0
0
0
0
0
0
0
0
0
0
0
0
0
0
0
0
0
0
0
0
0
0
0
0
0
0
0
0
0
0
0
0
0
0
0
0
0
0
0
0
0
0
0
0
0
0
0
0
0
2
1
0
0
4
0
0
0
7
0
0
25
0
13
13
0
29
3
24
45
46
41
32
23
37
5
49
10
24
40
2
22
42
20
12
5
11
12
6
5
8
5
11
3
2
12
4
4
11
4
10
10
7
4
9
9
25
44
52
30
36
37
44
47
38
52
43
31
40
74
38
38
58
291
239
290
790
426
101
14
7
96
512
109
1
2
1
2
1
2
1
1
0
1
0
0
1
1
2
0
1
0
0
0
0
1
0
0
0
0
0
0
0
0
0
0
0
0
0
0
0
0
0
0
0
0
0
0
0
0
0
0
0
0
0
0
0
0
0
0
0
0
0
0
0
0
0
0
0
0
0
0
0
0
0
0
0
0
0
0
0
0
0
0
0
0
0
0
0
0
0
0
0
0
0
0
0
0
0
0
0
0
0
0
0
0
0
0
0
0
0
0
0
0
0