1024000
0
0
0
0
0
0
0
0
0
0
0
0
0
0
0
0
0
0
0
0
0
0
0
0
0
0
0
0
0
0
0
0
0
0
0
0
0
0
0
0
0
0
0
0
0
0
0
0
0
0
0
0
0
0
0
0
0
0
0
0
0
0
0
0
0
0
0
0
0
0
0
0
0
0
0
0
0
0
0
0
0
0
0
0
0
0
0
0
0
0
0
0
0
0
0
0
0
0
0
0
0
0
1
0
0
1
0
1
2
1
2
2
2
2
0
1
3
1
7
3
1
7
4
0
3
1
8
0
3
0
4
0
2
2
2
2
0
5
0
1
2
1
1
2
2
1
4
1
1
1
1
0
2
3
5
1
9
10
11
18
15
26
22
28
28
43
30
23
38
41
63
47
484
34
23
30
11
10
12
12
9
198
612
721
2048
410
0
0
0
0
0
0
1
0
0
0
0
0
0
0
0
0
0
0
0
0
0
0
0
0
0
0
0
0
0
0
0
0
0
0
0
0
0
0
0
0
0
0
0
0
0
0
0
0
0
0
0
0
0
0
0
0
0
0
0
0
0
0
0
0
0
0
0
0
0
0
0
0
0
0
0
0
0
0
0
0
0
0
0
0
0
0
0
0
0
0
0
0
0
0
0
0
0
0
0
0
0
0
0
0
0
0
0
0
0
0
0
0
0
0
0
0
0
0
0
0
0
0
0
0
0
0
0
0
0
0
0
0
0
0
0
0
0
0
0
0
0
0
0
0
0
0
0
0
0
0
0
0
0
0
0
0
0
0
0
0
0
0
0
0
0
0
0
0
0
0
0
0
0
0
1
4
1
0
0
2
1
0
0
1
4
1
1
1
5
1
4
3
1
3
0
1
4
0
3
2
7
2
2
1
1
0
1
0
0
0
4
3
0
1
2
1
0
2
3
2
2
1
3
0
6
3
4
0
6
9
17
15
26
29
28
37
34
18
20
29
52
61
143
513
55
37
29
27
18
11
3
17
64
597
1097
2129
395
0
0
0
0
0
0
1
0
0
0
0
0
0
0
0
0
0
0
0
0
0
0
0
0
0
0
0
0
0
0
0
0
0
0
0
0
0
0
0
0
0
0
0
0
0
0
0
0
0
0
0
0
0
0
0
0
0
0
0
0
0
0
0
0
0
0
0
0
0