1024000
1
9
9
6
8
8
18
16
18
22
22
16
21
14
27
23
56
83
95
874
50
46
39
30
17
12
13
36
358
1440
2295
785
5
0
0
0
2
2
1
0
0
0
0
0
0
0
0
0
0
0
0
0
0
0
0
0
0
0
0
0
0
0
0
0
0
0
0
0
0
0
0
0
0
0
0
0
0
0
0
0
0
0
0
0
0
0
0
0
0
0
0
0
0
0
0
0
0
0
0
0
0
0
0
0
0
0
0
0
0
0
0
0
0
0
0
0
0
0
0
0
0
0
0
0
0
0
0
0
0
0
0
0
0
0
0
0
0
0
0
0
0
0
0
0
0
0
0
0
0
0
0
0
0
0
0
0
0
0
0
0
0
0
0
0
0
0
0
0
0
0
0
0
0
0
0
0
0
0
0
0
0
0
0
0
0
0
0
0
0
0
0
0
0
0
0
0
0
0
0
0
0
0
0
0
0
0
1
0
1
1
33
2
0
19
1
1
0
0
2
0
4
2
1
5
0
11
1
0
3
0
7
0
10
0
1
1
3
1
1
1
0
1
1
2
2
3
0
3
0
1
2
3
3
2
2
3
1
4
8
13
5
7
12
9
22
11
18
20
15
25
34
37
42
40
55
95
717
60
19
33
26
16
14
5
38
198
1316
2255