1024000
0
0
0
0
0
0
0
0
0
0
0
0
0
0
0
0
0
0
0
0
0
0
0
0
0
0
0
0
0
0
0
0
0
0
0
0
0
0
0
0
0
0
0
0
0
0
0
0
0
0
0
0
0
0
0
0
0
0
0
0
0
0
0
0
0
0
0
0
0
0
0
0
0
0
0
0
0
0
0
0
0
0
0
0
0
0
0
0
0
0
0
0
0
0
0
0
0
0
0
0
0
0
0
0
1
0
0
0
0
0
0
0
0
2
0
0
0
1
12
4
1
0
53
6
0
0
70
4
3
93
5
57
13
0
85
2
14
27
17
19
17
16
15
14
8
6
7
9
2
12
17
8
15
12
18
7
14
9
9
11
14
20
7
27
39
63
47
46
47
63
27
19
32
29
43
61
56
63
166
161
65
155
207
237
3
3
7
6
10
5
2
0
0
1
0
0
0
0
0
1
0
0
0
0
0
1
0
3
0
1
3
6
5
5
8
0
0
0
0
0
0
0
0
0
0
0
0
0
0
0
0
0
0
0
0
0
0
0
0
0
0
0
0
0
0
0
0
0
0
0
0
0
0
0
0
0
0
0
0
0
0
0
0
0
0
0
0
0
0
0
0
0
0
0
0
0
0
0
0
0
0
0
0
0
0
0
0
0