1024000
0
0
0
1
0
0
0
0
0
0
0
18
0
0
1
0
0
49
2
0
0
114
6
4
0
86
2
64
31
1
35
6
3
29
0
16
6
11
3
2
4
19
6
12
6
8
13
5
12
9
11
13
11
20
16
54
51
73
41
38
26
49
57
49
76
111
43
170
72
156
63
43
7
4
3
7
2
4
5
2
4
6
8
7
9
1
0
0
0
0
1
0
1
0
0
0
0
4
1
1
2
3
5
4
4
1
0
0
0
0
0
0
0
0
0
0
0
0
0
0
0
0
0
0
0
0
0
0
0
0
0
0
0
0
0
0
0
0
0
0
0
0
0
0
0
0
0
0
0
0
0
0
0
0
0
0
0
0
0
0
0
0
0
0
0
0
0
0
0
0
0
0
0
0
0
0
0
0
0
0
0
0
0
0
0
0
0
0
0
0
0
0
0
0
0
0
0
0
0
0
0
0
0
0
0
0
0
0
0
0
0
0
0
0
0
0
0
0
0
0
0
0
0
0
0
0
0
0
0
0
0
0
0
0
0
0
0
0
0
0
0
0
0
0
0
0
0
0
0
0
0
0
0
0
0
0
0
0
0
0
0
0
0
0
0
0
0
0
10
0
0
0
0
35
39
2
2
102
8
2
1
103
8
6
85
8
31
25