1024000
0
0
0
0
0
0
0
0
0
0
0
0
0
0
0
0
0
0
0
0
0
0
0
0
0
14
2
2
0
0
1
0
0
111
14
43
2
0
1
75
0
2
1
20
6
5
4
17
9
2
9
6
19
7
5
15
2
8
9
13
4
24
10
11
8
38
35
47
55
49
180
94
308
142
508
130
29
5
1
2
1
4
1
1
2
2
0
0
2
3
2
0
2
0
6
7
20
3
11
3
4
6
5
1
0
0
0
0
0
0
2
7
1
0
0
0
0
0
0
0
0
0
0
0
0
0
0
0
0
0
0
0
0
0
0
0
0
0
0
0
0
0
0
0
0
0
0
0
0
0
0
0
0
0
0
0
0
0
0
0
0
0
0
0
0
0
0
0
0
0
0
0
0
0
0
0
0
0
0
0
0
0
0
0
0
0
0
0
0
0
0
0
0
0
0
0
0
0
0
0
0
0
0
0
0
0
0
0
0
0
0
0
0
0
0
0
0
0
0
0
0
0
0
0
0
0
0
0
0
0
0
0
0
0
0
0
0
0
0
0
0
0
0
0
0
0
0
0
0
0
0
0
0
0
0
0
0
0
0
0
0
0
0
0
0
0
0
0
0
0
0
0
0
0
0
0
0
0
0
0
0
11
0
2
2
0
0
0