1024000
0
0
0
0
0
3
0
0
0
7
0
0
18
0
18
0
0
23
2
15
3
21
3
38
3
26
15
19
14
11
21
2
23
29
27
10
22
30
23
4
13
9
15
9
11
5
9
5
2
15
2
5
3
3
2
5
6
4
6
3
5
15
10
4
14
18
31
19
31
39
49
43
42
31
33
31
51
62
24
19
59
713
358
687
2100
140
6
6
50
623
833
204
0
0
0
2
0
2
0
0
0
0
2
0
2
0
2
0
0
0
0
0
0
0
0
0
0
0
0
0
0
0
0
0
0
0
0
0
0
0
0
0
0
0
0
0
0
0
0
0
0
0
0
0
0
0
0
0
0
0
0
0
0
0
0
0
0
0
0
0
0
0
0
0
0
0
0
0
0
0
0
0
0
0
0
0
0
0
0
0
0
0
0
0
0
0
0
0
0
0
0
0
0
0
0
0
0
0
0
0
0
0
0
0
0
0
0
0
0
0
0
0
0
0
0
0
0
0
0
0
0
0
0
0
0
0
0
0
0
0
0
0
0
0
0
0
0
0
0
0
0
0
0
0
1
0
0
0
0
0
0
0
0
0
0
0
0
0
0
0
0
0
0
0
0
1
1
0
11
0
3
9
0
34
0
0
21
0
17
0
27
0
19
21
2
16
22
1