1024000
2
15
2
1
0
0
0
0
0
0
0
0
0
0
0
0
0
0
0
0
0
0
0
0
0
0
0
0
0
0
0
0
0
0
0
0
0
0
0
0
0
0
0
0
0
0
0
0
0
0
0
0
0
0
0
0
0
0
0
0
0
0
0
0
0
0
0
0
0
0
0
0
0
0
0
0
0
0
0
0
0
0
0
0
0
0
0
0
0
0
0
0
0
0
0
0
0
0
0
0
0
0
0
0
0
0
0
0
0
0
0
0
0
0
0
0
0
0
0
0
0
0
0
0
0
0
0
0
0
0
0
0
0
0
0
0
0
0
0
0
0
0
0
0
0
0
0
0
0
0
0
0
0
0
0
0
0
0
0
0
0
1
0
0
0
0
0
0
0
17
20
0
0
1
0
53
19
0
1
139
10
4
1
80
1
2
44
10
13
4
4
12
7
2
7
7
3
13
1
9
7
10
3
5
8
10
14
20
10
27
15
30
27
28
46
27
43
40
44
36
58
62
113
295
312
621
44
44
2
2
4
4
4
10
4
3
3
3
7
5
10
5
10
0
1
1
1
4
1
0
1
0
0
1
2
1
5
9
3
2
1
1
0
0
0
0
0
0
0
0
0
0
0
0
0
0
0
0
0
0
0
0
0
0
0
0
0
0