1024000
0
0
0
0
0
0
0
0
0
0
0
0
0
0
0
0
0
0
0
0
0
0
0
0
0
0
0
0
0
0
0
0
0
0
0
0
0
0
0
0
0
0
0
0
0
0
0
0
0
0
0
0
0
0
0
0
0
0
0
0
0
0
0
0
0
0
0
0
0
0
0
0
0
0
0
0
0
0
0
0
0
0
0
0
0
0
0
0
0
0
0
0
0
0
0
0
0
1
0
0
1
0
0
0
6
0
3
8
0
20
0
0
38
0
24
15
27
2
22
2
20
19
17
14
8
34
2
29
47
37
7
24
19
15
7
7
10
14
8
3
2
5
6
1
7
4
7
2
7
2
7
9
8
7
6
8
8
12
22
23
31
33
40
24
47
46
36
56
25
44
71
36
28
139
690
389
1243
2665
58
17
10
177
627
709
72
1
0
0
2
1
0
0
2
0
0
0
2
1
0
5
0
0
0
0
0
0
0
0
0
0
0
0
0
0
0
0
0
0
0
0
0
0
0
0
0
0
0
0
0
0
0
0
0
0
0
0
0
0
0
0
0
0
0
0
0
0
0
0
0
0
0
0
0
0
0
0
0
0
0
0
0
0
0
0
0
0
0
0
0
0
0
0
0
0
0
0
0
0
0
0
0
0
0
0
0
0
0
0