1024000
3280
0
59
0
3222
1
691
455
987
55
3567
637
195
5573
652
1479
2614
711
1973
1388
2555
1079
3496
1089
2972
1595
2433
1320
3290
2228
2275
2416
1865
1747
2740
1819
1783
2361
1698
2559
2277
2451
2126
1784
1795
1667
1875
1824
2063
1510
1709
1809
1636
1841
1632
1678
1849
1822
1678
2043
1800
1935
1837
2040
2045
1828
1822
1809
2026
2243
2164
2289
2436
2177
2712
2598
2648
2393
2525
2557
2421
2475
2361
2407
1870
2144
2139
2569
3131
2308
3254
2638
3367
3524
2296
2939
2844
2726
2576
2433
2330
2165
2349
1955
2116
1992
2022
1873
1912
1760
1912
1866
1862
1708
1883
2003
1959
2009
2084
2174
2161
1961
2720
2528
2692
2951
3170
3124
3509
3628
3701
3598
3556
3511
3242
2914
3001
3272
4129
4468
5329
6682
6687
7078
9114
7953
6785
5824
6810
5796
4117
3067
2825
3279
3478
3212
3149
3609
3359
3658
2928
3471
3645
4003
4929
5504
5743
5577
6752
6134
6536
4699
6447
4811
5963
5858
7156
5720
5532
8212
7598
6566
6988
5469
7054
6020
7503
8214
6794
7853
7254
6197
6531
6048
6717
5775
5578
7241
7165
5145
6647
5434
6656
5551
7092
6818
5326
7259
4865
6640
6510
6093
5860
4792
5733
6028
6650
7823
9389
9445
9588
6243
11529
13217
20106
27754
26486
23831
27836
26119
19708
12379
7688
4005
1675
642
311
247
154
174
78
78
70
40
29
19
20
26
27
23
38
104
0
0
0
0