1024000
0
0
0
0
0
0
0
0
0
2
0
0
0
0
0
0
0
1
3
0
0
0
0
3
4
1
0
50
6
2
0
41
2
2
68
3
36
8
2
89
9
10
49
25
36
25
24
17
15
24
5
17
11
0
11
14
6
8
14
10
10
3
11
4
14
11
12
8
10
13
11
35
43
37
48
53
36
49
46
44
54
66
44
40
73
139
207
83
312
203
437
6
9
14
3
5
0
1
0
0
0
2
0
0
0
0
0
0
0
0
0
0
0
0
0
0
2
0
1
13
5
0
2
0
0
0
0
0
0
0
0
0
0
0
0
0
0
0
0
0
0
0
0
0
0
0
0
0
0
0
0
0
0
0
0
0
0
0
0
0
0
0
0
0
0
0
0
0
0
0
0
0
0
0
0
0
0
0
0
0
0
0
0
0
0
0
0
0
0
0
0
0
0
0
0
0
0
0
0
0
0
0
0
0
0
0
0
0
0
0
0
0
0
0
0
0
0
0
0
0
0
0
0
0
0
0
0
0
0
0
0
0
0
0
0
0
0
0
0
0
0
0
0
0
0
0
0
0
0
0
0
0
0
0
0
0
0
0
0
0
0
0
0
0
0
0
0
0
0
0
0
0
0
0
1
0
0
0
0
0
7
0
0
0
30
0
0
27