1024000
0
0
0
1
0
3
0
3
5
4
7
1
0
0
0
0
0
0
0
0
0
0
0
0
0
0
0
0
0
0
0
0
0
0
0
0
0
0
0
0
0
0
0
0
0
0
0
0
0
0
0
0
0
0
0
0
0
0
0
0
0
0
0
0
0
0
0
0
0
0
0
0
0
0
0
0
0
0
0
0
0
0
0
0
0
0
0
0
0
0
0
0
0
0
0
0
0
0
0
0
0
0
0
0
0
0
0
0
0
0
0
0
0
0
0
0
0
0
0
0
0
0
0
0
0
0
0
0
0
0
0
0
0
0
0
0
0
0
0
0
0
0
0
0
0
0
0
0
0
0
0
0
0
0
0
0
0
0
0
0
0
0
0
0
0
0
0
0
0
0
0
0
0
13
0
0
0
0
28
25
3
1
57
12
5
0
46
18
4
85
6
32
30
1
15
4
6
21
6
18
4
6
5
7
16
4
7
23
3
15
13
9
8
10
19
16
14
39
91
80
123
94
73
48
39
49
50
35
29
40
51
116
389
64
64
73
18
7
6
8
6
8
4
5
4
12
11
4
2
1
2
0
0
1
0
0
0
0
1
0
1
0
0
1
4
0
10
4
0
0
0
0
0
0
0
0
0
0
0
0
0
0
0
0
0
0
0
0