1024000
0
0
3
0
0
0
8
0
5
9
1
41
5
2
41
1
56
2
33
6
45
2
32
28
7
26
13
36
10
22
42
26
10
7
13
10
12
4
6
9
10
7
7
3
4
5
5
9
11
6
8
8
12
6
9
25
34
36
45
27
36
41
47
40
41
59
53
35
68
53
48
50
318
305
498
1502
714
162
8
9
318
537
415
6
1
1
1
0
0
1
1
0
0
0
1
1
0
1
0
0
0
1
0
0
4
0
0
0
0
0
0
0
0
0
0
0
0
0
0
0
0
0
0
0
0
0
0
0
0
0
0
0
0
0
0
0
0
0
0
0
0
0
0
0
0
0
0
0
0
0
0
0
0
0
0
0
0
0
0
0
0
0
0
0
0
0
0
0
0
0
0
0
0
0
0
0
0
0
0
0
0
0
0
0
0
0
0
0
0
0
0
0
0
0
0
0
0
0
0
0
0
0
0
0
0
0
0
0
0
0
0
0
0
0
0
0
0
0
0
0
0
0
0
0
0
0
0
0
0
0
0
0
0
0
0
0
0
0
0
0
0
0
0
0
0
1
1
0
0
0
0
0
0
0
0
1
0
1
5
0
1
0
6
0
0
24
0
15
11
2
35
1
1
34
20
40
19
30
23
16
46
1
40
34
3
40
29
8