1024000
45
30
32
39
20
29
95
51
46
58
446
312
516
2087
1761
585
5
58
395
538
91
0
1
2
2
1
0
1
0
0
0
1
0
2
0
0
4
2
1
0
0
1
1
0
0
0
0
0
0
0
0
0
0
0
0
0
0
0
0
0
0
0
0
0
0
0
0
0
0
0
0
0
0
0
0
0
0
0
0
0
0
0
0
0
0
0
0
0
0
0
0
0
0
0
0
0
0
0
0
0
0
0
0
0
0
0
0
0
0
0
0
0
0
0
0
0
0
0
0
0
0
0
0
0
0
0
0
0
0
0
0
0
0
0
0
0
0
0
0
0
0
0
0
0
0
0
0
0
0
0
0
0
0
0
0
0
0
0
0
0
0
0
0
0
0
0
0
0
0
0
0
0
0
0
0
0
0
0
0
0
0
0
0
0
0
0
0
0
0
0
0
1
0
0
0
1
0
0
0
4
0
5
5
1
33
1
0
48
1
60
4
49
1
37
2
34
27
20
17
4
51
5
28
39
28
4
23
17
12
11
10
9
16
10
5
7
5
4
2
6
4
4
3
6
8
3
5
9
7
11
16
23
30
28
33
23
41
36
42
32
39
44
36
80
52
24
65
469
280
506
1153
687
87
6
53
421
726
75
1
2
2
3
0
1
1
0
1
0