1024000
0
2
0
0
2
1
0
1
1
0
1
0
2
2
3
1
1
3
3
1
3
9
1
0
6
8
8
9
17
20
20
25
26
34
33
21
24
29
43
44
52
267
56
15
38
21
12
14
12
1
47
544
1530
2489
952
30
0
0
0
0
0
1
0
0
0
0
0
0
0
0
0
0
0
0
0
0
0
0
0
0
0
0
0
0
0
0
0
0
0
0
0
0
0
0
0
0
0
0
0
0
0
0
0
0
0
0
0
0
0
0
0
0
0
0
0
0
0
0
0
0
0
0
0
0
0
0
0
0
0
0
0
0
0
0
0
0
0
0
0
0
0
0
0
0
0
0
0
0
0
0
0
0
0
0
0
0
0
0
0
0
0
0
0
0
0
0
0
0
0
0
0
0
0
0
0
0
0
0
0
0
0
0
0
0
0
0
0
0
0
0
0
0
0
0
0
0
0
0
0
0
0
0
0
0
0
0
0
0
0
0
0
0
0
0
0
0
0
0
0
0
0
0
0
0
0
0
0
0
0
0
0
1
0
0
0
0
2
3
1
2
1
0
2
0
0
7
0
0
7
2
8
5
3
1
2
0
1
1
0
1
2
1
0
1
1
0
0
1
0
2
0
1
3
1
1
4
3
2
4
4
5
4
8
5
18
17
22
25