1024000
22
23
2
32
30
22
13
13
18
11
10
19
8
6
7
5
4
4
3
7
3
5
3
4
3
4
6
4
5
7
1
4
6
12
14
17
16
30
44
47
50
53
35
43
43
47
45
24
18
65
675
523
640
1051
177
24
9
269
986
626
184
16
0
1
0
1
1
0
0
0
1
1
1
1
0
0
1
0
0
0
0
0
0
0
0
0
0
0
0
0
0
0
0
0
0
0
0
0
0
0
0
0
0
0
0
0
0
0
0
0
0
0
0
0
0
0
0
0
0
0
0
0
0
0
0
0
0
0
0
0
0
0
0
0
0
0
0
0
0
0
0
0
0
0
0
0
0
0
0
0
0
0
0
0
0
0
0
0
0
0
0
0
0
0
0
0
0
0
0
0
0
0
0
0
0
0
0
0
0
0
0
0
0
0
0
0
0
0
0
0
0
0
0
0
0
0
0
0
0
0
0
0
0
0
0
0
0
0
0
0
0
0
0
0
0
0
0
0
0
0
0
0
0
0
0
0
0
0
0
0
0
0
0
0
1
0
7
0
0
11
0
1
12
0
11
0
20
2
25
0
17
23
2
19
17
18
11
17
42
41
34
5
29
31
19
7
15
17
9
6
7
4
5
3
6
5
6
4
1
3
7
5
7
5
6
6
6
7