1024000
0
0
0
0
0
0
0
0
0
0
0
0
0
0
0
0
0
0
0
51
4
0
12
0
0
0
0
191
22
1
6
43
0
11
2
8
8
5
13
4
7
9
11
6
14
10
28
18
17
42
36
46
52
239
36
139
189
25
7
3
8
2
0
0
0
0
0
0
0
0
0
1
0
0
3
0
1
2
0
3
0
0
0
0
1
0
0
0
10
7
3
8
3
0
2
0
0
0
0
0
0
0
0
0
0
0
0
0
0
0
0
0
0
0
0
0
0
0
0
0
0
0
0
0
0
0
0
0
0
0
0
0
0
0
0
0
0
0
0
0
0
0
0
0
0
0
0
0
0
0
0
0
0
0
0
0
0
0
0
0
0
0
0
0
0
0
0
0
0
0
0
0
0
0
0
0
0
0
0
0
0
0
0
0
0
0
0
0
0
0
0
0
0
0
0
0
0
0
0
0
0
0
0
0
0
0
0
0
0
0
0
0
0
0
0
0
0
0
0
0
0
0
0
0
0
0
0
0
0
0
0
0
0
0
0
0
0
0
0
0
0
0
0
0
0
0
0
0
0
0
0
0
0
0
0
0
0
0
0
0
0
0
0
0
0
0
0
0
0
0
0
0
0
0
0
40
22
0
1
1
0
0
0
0
31
85
3
1