1024000
0
0
0
0
0
0
0
0
0
0
0
0
0
0
0
0
0
0
0
0
0
0
0
0
0
0
0
0
0
0
0
0
0
0
0
0
0
0
0
0
0
0
0
0
0
0
0
0
0
0
0
0
0
0
0
0
0
0
0
0
0
0
0
0
0
0
0
0
0
0
0
0
9
1
0
11
1
8
19
2
28
1
1
39
3
16
2
26
14
24
23
0
32
24
1
30
32
11
32
28
33
8
13
12
12
9
14
7
4
6
5
3
7
5
6
2
2
4
3
5
7
11
11
5
10
11
11
24
28
30
31
38
49
37
48
33
53
33
47
62
28
16
195
1189
628
1211
2269
28
5
17
141
506
738
143
2
1
1
1
2
3
1
1
1
3
1
3
0
1
1
0
0
0
0
0
0
0
0
0
0
0
0
0
0
0
0
0
0
0
0
0
0
0
0
0
0
0
0
0
0
0
0
0
0
0
0
0
0
0
0
0
0
0
0
0
0
0
0
0
0
0
0
0
0
0
0
0
0
0
0
0
0
0
0
0
0
0
0
0
0
0
0
0
0
0
0
0
0
0
0
0
0
0
0
0
0
0
0
0
0
0
0
0
0
0
0
0
0
0
0
0
0
0
0
0
0
0
0
0
0
0
0
0
0
0
0
0
0
0
0
0
0
0
0
0
0
0
0
0
0
0
0
0
0
0
0
0
0
0
0
0
0
0
0
0
0
0
0
0
0
0
0
0
0
0
0
3
0
0
0
5
0
5
0
0
18
0
15
17
1
39
1
25
2
23
1
21
24
2
28
11
14
20
4
34
35
22
8
20
24
23
7
4
10
7
6
1
9
5
2
9
5
5
2
2
2
2
5
2
7
9
13
7
15
11
17
18
22
32
34
40
46
39
46
49
38
57
62
22
19
59
1361
677
1119
1837
105
13
8
48
502
849
182
2
0
0
1
2
0
0
2
1
0
1
2
1
0
0
0
0
0
0
0
0
0
0
0
0
0
0
0
0
0
0
0
0
0
0
0
0
0
0
0
0
0
0
0
0
0
0
0
0
0
0
0
0
0
0
0
0
0
0
0
0
0
0
0
0
0
0
0
0
0
0
0
0
0
0
0
0
0
0
0
0
0
0
0
0
0
0
0
0
0
0
0
0
0
0
0
0
0
0
0
0