1024000
0
0
0
0
0
0
0
0
0
0
0
0
0
0
0
0
0
0
0
0
0
0
0
0
0
0
0
0
0
0
0
0
0
0
0
0
0
0
0
0
0
0
0
0
0
0
0
0
0
0
0
0
0
0
0
0
0
0
0
4
0
0
0
20
0
0
0
25
1
43
1
1
41
5
33
47
8
53
4
53
5
54
6
50
29
6
31
12
18
12
12
18
4
8
5
7
7
8
3
6
12
5
7
14
13
9
8
9
7
10
5
17
29
42
48
41
42
45
48
47
58
34
41
54
49
38
46
233
305
259
694
832
537
35
22
5
28
41
0
1
1
0
0
0
1
1
0
1
1
0
1
1
2
0
2
0
1
0
0
0
1
1
0
0
0
0
0
0
0
0
0
0
0
0
0
0
0
0
0
0
0
0
0
0
0
0
0
0
0
0
0
0
0
0
0
0
0
0
0
0
0
0
0
0
0
0
0
0
0
0
0
0
0
0
0
0
0
0
0
0
0
0
0
0
0
0
0
0
0
0
0
0
0
0
0
0
0
0
0
0
0
0
0
0
0
0
0
0
0
0
0
0
0
0
0
0
0
0
0
0
0
0
0
0
0
0
0
0
0
0
0
0
0
0
0
0
0
0
0
0
0
0
0
0
0
0
0
0
0
0
0
0
0
0
0
0
0
0
0
0
0
0
0
0
0
0
0
0
0
0
1
0
0
0
0
4
1
0
0
7
0
0
0
28
4
3
23
3
47
5
2
55
4
28
27
55
7
41
5
31
17
27
5
27
21
3
18
13
10
11
10
10
8
8
10
12
7
7
6
7
16
10
10
11
16
8
10
12
26
37
55
33
31
37
44
51
35
37
32
34
35
40
52
32
241
290
237
685
758
543
37
11
3
56
75
0
0
0
0
0
0
0
0
0
0
0
0
0
0
1
1
1
2
0
0
0
0
3
1
0
0
0
0
0
0
0
0
0
0
0
0
0
0
0
0
0
0
0
0
0
0
0
0
0
0
0
0
0
0
0
0
0
0
0
0
0
0
0
0
0
0
0
0
0
0
0
0
0
0
0
0
0
0
0
0
0
0
0
0
0
0
0
0
0
0
0
0
0
0
0
0
0
0
0
0
0
0
0
0
0
0
0
0
0
0
0
0
0
0
0
0
0