1024000
0
0
0
0
0
0
0
0
0
0
0
0
0
0
0
0
0
0
0
0
0
0
0
0
0
0
0
0
0
0
0
0
0
0
0
0
0
0
0
0
0
0
9
2
0
0
0
0
114
2
2
8
52
4
0
59
24
1
42
5
11
20
2
13
6
4
8
2
5
3
7
4
14
13
5
9
8
5
9
6
14
14
25
22
28
44
37
51
44
35
46
55
58
66
98
135
511
171
336
78
20
9
7
6
3
6
1
6
3
2
2
5
0
5
7
1
1
1
0
0
2
0
0
0
0
2
3
1
1
0
6
4
1
2
0
0
0
0
0
0
0
0
0
0
0
0
0
0
0
0
0
0
0
0
0
0
0
0
0
0
0
0
0
0
0
0
0
0
0
0
0
0
0
0
0
0
0
0
0
0
0
0
0
0
0
0
0
0
0
0
0
0
0
0
0
0
0
0
0
0
0
0
0
0
0
0
0
0
0
0
0
0
0
0
0
0
0
0
0
0
0
0
0
0
0
0
0
0
0
0
0
0
0
0
0
0
0
0
0
0
0
0
0
0
0
0
0
0
0
0
0
0
0
0
0
0
0
0
0
0
0
0
0
0
0
0
0
0
0
0
0
0
0
0
0
0
0
0
0
0
0
0
0
0
0
0
0
0
0
0
0
0
0
0
0
0
0
0
13
0
0
0
1
0
69
3
2
1
142
11
1
0
93
8
31
31
9
19
5
8
19
2
9
2
7
2
9
1
13
10
10
14
5
17
13
5
15
3
30
23
36
31
29
42
39
38
47
48
51
50
73
84
179
95
229
55
23
8
5
4
12
7
5
7
5
3
5
5
3
5
15
7
2
0
1
0
1
0
1
0
1
1
0
0
1
2
7
3
1
4
2
0
0
0
0
0
0
0
0
0
0
0
0
0
0
0
0
0
0
0
0
0
0
0
0
0
0
0
0
0
0
0
0
0
0
0
0
0
0
0
0
0
0
0
0
0
0
0
0
0
0
0
0
0
0
0
0
0
0
0
0
0
0
0
0
0
0
0
0
0
0
0
0
0
0
0
0
0
0
0
0
0
0
0
0
0
0
0
0
0
0
0
0
0
0
0
0
0
0
0
0
0
0
0
0
0
0
0
0
0
0
0
0
0
0
0
0
0
0
0
0
0