7763268
0
0
0
0
0
0
0
12004
3076
600
153
74
72
371
1292
3019
5435
7807
6486
2538
8074
11769
15336
15542
15001
12951
12630
15492
20513
31177
13481
2213
998
1111
1238
1465
1479
1679
1784
1953
2007
2235
2437
2457
1881
1596
2123
2643
3037
3065
3256
3289
3491
3568
3674
3726
3436
2780
2372
2837
3412
3760
3852
4203
4163
4133
4146
4580
4808
4359
3896
4615
6040
7352
9026
10901
12382
13912
15630
17225
18483
18709
17055
16220
18945
24281
28443
31023
32203
34809
37328
40724
43230
45655
45202
41637
39984
45463
53061
57958
61284
64377
68076
67525
67033
66134
63816
59232
51993
47906
51153
57508
61563
63356
62810
62080
61015
60081
58462
55979
50660
43496
39880
41673
45640
47577
48162
47626
46446
44073
42190
40467
37922
33829
31648
33433
37721
40489
41367
41751
41626
40857
39487
37868
35655
33283
30215
29310
31361
34326
36295
36948
37986
38832
40138
40761
41194
38648
35707
32088
30740
33103
36858
39840
42088
43803
44466
44420
44437
43419
41723
38929
35557
33796
35540
38549
41076
42546
43569
44383
44435
44877
45367
43916
41794
38703
37507
41370
47928
54629
60088
64886
69512
73979
77830
78609
76008
70380
67376
71731
81074
89914
95996
98114
94604
88245
81499
74356
65400
56438
46411
40260
38697
38671
38169
37077
36255
35434
35582
35193
35831
35223
33914
30981
30045
32282
35556
38229
39117
40528
41019
43079
44091
44318
42140
35318
27317
20379
15876
12009
8233
4824
2538
1051
399
111
36
4
0
0
0
0
0
2
3
30
32
95
205
422
859
1924
10543
1104159
581
85
58
90
104
123
107
241
510
1196
1103
745
1838
2022
1217
738
419
303
319
332
375
355
398
455
378
416
456
635
605
705
740
958
834
917
1096
999
710
654
800
1065
1195
1164
1201
1185
1275
1271
1211
1331
1073
928
905
1049
1363
1537
1638
1766
1758
1655
1689
1874
2119
2079
2106
2571
3451
4688
6231
8186
9744
11326
12986
14701
15661
16022
15132
14825
16875
21197
25028
27450
28832
30833
33594
36901
39173
41112
41198
38671
38335
41959
48242
52987
56479
59532
61978
62414
62034
60770
58983
54635
49476
46428
48047
52826
57125
58697
58660
57394
56877
55622
54111
51241
46371
40844
38627
39012
41810
43891
43756
43432
42093
40240
38213
36538
34241
31111
30136
31189
33986
36478
37675
37687
37646
36788
35734
34199
31996
29534
27457
26685
27830
30047
31892
32381
33353
34120
35391
36243
36192
34020
31686
29226
28274
29601
32001
34782
36494
37806
38459
38057
38106
37102
35080
32538
30371
29274
29558
31881
34016
35672
35802
36570
37065
37301
37468
36296
34810
32552
32500
35219
39672
45881
50734
55578
60040
64705
69019
70601
68436
64616
63385
65225
71530
79739
85338
87813
85148
77855
71504
64689
57214
49405
42430
37155
35270
34017
32852
31512
31035
30700
30998
31375
31915
31676
30644
29035
27836
29330
31040
32392
33122
33242
34516
35627
37482
38538
37084
30791
23116
16960
12587
9027
6045
3496
1667
695
228
112
135
50
38
31
53
59
40
65
124
46
39
56
97
207
723
2463
6510
