1024000
3280
178
0
994
0
59
387
720
167
208
40
2243
93
5275
560
2188
1957
1250
491
2001
1729
582
2705
2810
1821
1370
2097
921
2765
3097
1656
1265
1526
1674
2325
1889
2035
1621
2774
2169
1398
1355
1511
1749
1385
1097
1499
1398
1347
1056
1729
1482
1177
1650
1369
1340
1456
1373
1292
1693
1510
1680
1610
1255
1751
1548
1718
1781
1822
1809
1997
2120
2200
2251
2098
1704
1975
1921
1773
1755
1879
1715
1782
1612
1590
1842
2148
2229
2740
1917
3209
2744
2422
2741
1874
2594
2453
1928
2532
2450
1923
2394
2263
2000
2282
2215
2426
2234
2265
2348
2329
2039
2291
2106
2322
2479
2315
2196
2872
3091
3151
3318
3553
2493
2853
3755
4173
4525
4424
4267
4108
3861
3963
4021
4290
4343
5243
6231
7733
8144
5830
6512
8065
7990
8293
7905
6922
6311
5611
5169
5509
5014
3828
3542
3789
3889
4661
5402
4735
5463
6042
6428
6209
5250
6054
5133
4573
5130
5150
4870
6510
4855
5554
6444
6399
6548
5398
6090
5169
5612
6386
6418
6154
5656
6028
6604
5737
4530
4229
4410
4326
4223
4827
4470
3897
4816
3926
4897
5469
5132
5981
6805
5209
6961
6698
4330
6608
6319
3991
5330
5671
5809
5520
3820
5982
6089
6358
5600
5443
6340
6632
7412
6362
8939
10874
13037
15768
23284
26815
26766
25660
27284
23800
22861
13812
7727
3658
896
516
425
448
341
315
254
124
72
21
18
24
25
42
48
87
0
0
0