1024000
0
0
0
0
0
0
0
0
0
0
0
0
0
0
0
1
0
0
18
0
0
0
0
0
0
0
3
0
0
0
1
0
0
0
0
0
0
2
0
0
0
0
1
2
0
0
0
0
0
0
0
0
1
0
0
0
1
0
2
0
0
2
2
13
135
109
200
165
84
43
27
63
47
27
39
22
15
24
9
14
8
7
9
5
9
3
10
15
17
6
3
8
6
7
6
7
2
2
10
15
16
7
2
5
4
26
28
32
24
1
1
4
2
55
75
57
1
1
3
5
34
51
46
21
0
1
1
8
25
28
13
0
0
0
0
0
0
0
0
1
1
3
0
0
0
0
0
0
0
0
0
0
0
0
0
0
0
0
0
0
0
0
0
0
0
0
0
0
0
0
0
0
0
0
0
0
0
0
0
0
0
0
0
0
0
0
0
0
0
0
0
0
0
0
0
0
0
0
0
0
0
0
0
0
0
0
0
0
0
0
0
0
0
0
0
0
0
0
0
0
0
0
0
0
0
0
0
0
0
0
0
0
0
0
0
0
0
0
0
0
0
0
0
0
0
0
0
0
0
0
0
0
0
0
0
0
