1024000
0
0
0
0
0
0
0
0
0
0
0
0
0
0
0
0
0
0
0
0
0
0
0
0
0
0
0
0
0
0
0
0
0
0
0
0
0
0
0
0
0
0
0
0
0
1
0
1
8
4
23
37
9
320
36
203
24
38
74
17
38
26
21
19
16
5
10
5
15
21
8
7
5
8
15
19
4
5
9
9
2
13
14
15
26
16
6
4
4
11
18
62
59
60
0
1
0
1
2
1
6
8
92
35
57
0
0
0
0
1
0
0
2
13
24
12
0
0
0
0
0
0
0
0
0
0
0
0
0
1
2
1
2
0
0
0
0
0
1
0
0
0
0
0
0
0
0
0
0
0
0
0
0
0
0
0
0
0
0
0
0
0
0
0
0
0
0
0
0
0
0
0
0
0
0
0
0
0
0
0
0
0
0
0
0
0
0
0
0
0
0
0
0
0
0
0
0
0
0
0
0
0
0
0
0
0
0
0
0
0
0
0
0
0
0
0
0
0
0
0
0
0
0
0
0
0
0
0
0
0
0
0
0
0
0
0
0
0
0
0
0
0
0
0
0
0
0
0
0
0
0
0
0
0
0
0
