1024000
0
0
0
0
0
0
0
0
0
0
0
0
0
0
0
0
0
0
0
0
0
0
0
0
0
0
0
0
0
0
0
0
0
0
0
0
0
0
0
0
3
0
5
0
3
2
5
0
3
0
9
3
12
0
10
0
11
0
4
5
0
2
0
0
3
1
1
1
2
2
1
2
2
0
1
2
1
0
3
1
2
3
5
2
5
178
291
278
696
184
42
59
52
48
47
43
44
39
46
51
51
52
37
28
14
14
12
11
8
10
13
7
16
14
11
15
12
6
6
15
12
9
6
16
10
11
2
4
18
21
27
12
14
43
31
10
2
7
46
37
27
35
29
20
14
1
3
27
25
17
0
1
5
14
4
1
0
0
2
0
0
0
0
0
0
0
1
0
0
0
0
0
0
0
0
0
0
0
0
0
0
0
0
0
0
0
0
0
0
0
0
0
0
0
0
0
0
0
0
0
0
0
0
0
0
0
0
0
0
0
0
0
0
0
0
0
0
0
0
0
0
0
0
0
0
0
0
0
0
0
0
0
0
0
0
0
0
0
0
0
0
0
0
0
0
0
0
0
0
0
0
0
0
0
0
0
