1024000
0
0
0
0
0
0
0
0
0
0
0
0
42
0
0
0
0
0
0
0
0
0
0
0
0
1
0
46
0
0
6
2
1
0
1
0
0
6
4
2
0
1
0
0
0
0
0
1
0
0
1
0
0
0
3
3
0
0
0
0
0
2
0
0
0
0
0
2
1
2
39
31
508
311
394
88
68
41
38
60
41
30
36
21
21
22
12
13
5
8
4
3
11
12
11
3
5
10
8
24
6
4
10
7
5
4
3
16
8
15
8
4
21
24
38
17
2
4
49
81
47
8
4
5
4
26
81
39
33
2
2
0
3
40
35
13
1
1
0
0
5
10
10
3
0
0
0
1
1
3
4
0
0
0
0
0
0
0
0
0
0
0
0
0
0
0
0
0
0
0
0
0
0
0
0
0
0
0
0
0
0
0
0
0
0
0
0
0
0
0
0
0
0
0
0
0
0
0
0
0
0
0
0
0
0
0
0
0
0
0
0
0
0
0
0
0
0
0
0
0
0
0
0
0
0
0
0
0
0
0
0
0
0
0
0
0
0
0
0
0
0
0
0
0
0
0
0
0
0
0
0
0
0
0
0
0
