1024000
0
0
0
0
0
0
0
0
0
0
0
0
0
0
0
0
0
0
0
0
0
0
0
0
0
0
0
0
0
0
0
0
0
0
0
0
0
0
0
0
0
0
0
0
0
0
0
0
0
0
0
0
0
0
0
0
0
0
0
0
0
0
0
0
0
0
0
0
0
0
0
0
0
0
0
0
0
0
0
0
0
0
0
0
0
0
0
0
0
4
6
12
10
2
2
2
3
0
0
4
0
0
2
0
0
0
0
0
1
1
0
0
1
1
1
2
3
13
3
9
15
12
877
193
225
213
341
263
46
52
43
79
47
31
38
52
47
47
49
43
33
34
15
22
11
15
10
1
6
4
6
5
0
4
5
3
2
0
3
1
1
2
1
3
1
2
4
3
5
0
0
1
2
3
6
0
2
7
8
4
0
1
2
6
2
0
1
5
20
83
16
1
0
0
0
0
0
0
1
0
0
0
0
0
0
0
0
0
0
0
0
0
0
0
0
0
0
0
0
0
0
0
0
0
2
0
0
0
0
0
0
0
0
0
0
0
0
0
0
0
0
0
0
0
0
0
0
0
0
0
0
0
0
0
0
0
