1024000
0
0
0
0
0
0
0
0
0
0
0
0
0
0
0
0
0
0
0
0
0
0
0
0
0
0
18
0
18
0
0
0
0
37
0
0
5
0
0
2
0
0
2
0
2
6
0
0
1
0
7
0
1
0
0
0
0
0
1
0
4
1
0
1
1
0
3
0
0
0
0
1
1
2
3
4
17
110
232
126
296
100
45
81
98
39
61
42
10
21
21
23
22
25
17
10
14
15
8
5
12
8
9
4
3
15
9
20
10
1
12
14
7
2
3
8
13
13
15
17
35
20
3
7
37
50
50
10
5
7
62
52
38
2
2
45
41
56
1
1
1
1
9
38
28
15
0
0
0
0
27
9
8
0
0
0
0
0
1
2
0
1
0
0
0
0
0
0
0
0
0
0
0
0
0
0
0
0
0
0
0
0
0
0
0
0
0
0
0
0
0
0
0
0
0
0
0
0
0
0
0
0
0
0
0
0
0
1
1
1
0
0
0
0
0
0
0
0
0
0
0
0
0
0
0
0
0
0
0
0
0
0
0
0
0
0
0
0
0
0
0
0
0
0
0
0
0
0
0
0
0
0
0
0
0
0
