1024000
0
0
0
0
0
0
0
0
0
0
0
0
0
0
0
0
0
0
0
0
0
0
0
0
0
0
0
0
0
0
0
0
0
0
0
0
0
0
0
0
0
0
0
0
0
0
0
0
0
0
0
0
0
0
0
0
0
0
0
0
0
0
0
0
0
5
1
0
0
1
0
0
0
5
0
0
6
8
10
2
13
2
4
3
6
4
2
4
4
15
8
2
2
2
1
4
3
12
3
10
7
54
175
38
389
115
76
66
35
39
47
49
34
36
56
47
39
57
43
32
13
10
7
6
13
10
15
8
13
16
11
13
8
3
4
3
4
10
6
15
16
6
2
10
12
7
13
18
19
16
25
41
23
1
35
19
4
12
16
14
3
8
2
6
2
3
2
1
1
3
2
0
0
0
1
2
0
2
0
1
1
0
0
0
0
0
0
0
0
0
0
0
0
0
0
1
0
0
0
0
0
0
0
0
0
0
0
0
0
0
0
0
0
1
0
0
0
1
0
0
0
0
0
0
0
0
0
0
0
0
0
0
0
0
0
0
0
0
0
0
0
0
0
0
0
0
0
0
0
0
0
0
0
0
0
0
