1024000
0
0
0
0
0
0
0
0
0
0
0
0
0
0
0
0
0
0
0
0
0
0
0
0
0
0
0
0
0
0
0
0
0
0
0
0
0
0
0
0
0
0
0
0
0
0
0
0
0
0
0
0
0
0
0
0
0
0
0
0
0
0
0
0
0
0
0
0
0
0
0
0
0
0
0
0
0
0
0
0
0
0
0
0
0
0
0
0
0
0
0
0
0
1
0
0
0
0
0
0
4
3
4
5
4
1
3
0
3
1
0
0
0
0
0
0
2
0
0
0
0
0
0
0
0
0
0
4
28
3
5
18
145
322
817
290
204
318
77
46
52
71
41
25
53
46
42
50
33
27
22
32
21
16
21
10
6
6
8
7
2
2
6
1
1
4
2
1
2
3
1
3
0
1
0
1
1
0
0
1
1
2
1
2
0
2
10
2
4
2
2
16
8
7
8
0
0
0
0
0
0
0
0
0
0
0
0
0
0
0
0
0
0
0
0
0
0
0
0
0
0
0
0
2
0
0
0
2
1
0
0
0
0
0
0
0
0
0
0
0
0
0
0
0
0
0
0
0
0
0
0
0
0
0
0
0
