1024000
0
0
0
0
0
0
0
0
0
0
0
0
0
0
0
0
0
0
0
0
0
0
0
0
0
0
0
0
0
0
0
0
0
0
0
0
0
0
0
0
0
0
0
0
0
13
0
0
0
0
28
25
3
1
57
12
5
0
46
18
4
85
6
32
30
1
15
4
6
21
6
18
4
6
5
7
16
4
7
23
3
15
13
9
8
10
19
16
14
39
91
80
123
94
73
48
39
49
50
35
29
40
51
116
389
64
64
73
18
7
6
8
6
8
4
5
4
12
11
4
2
1
2
0
0
1
0
0
0
0
1
0
1
0
0
1
4
0
10
4
0
0
0
0
0
0
0
0
0
0
0
0
0
0
0
0
0
0
0
0
0
0
0
0
0
0
0
0
0
0
0
0
0
0
0
0
0
0
0
0
0
0
0
0
0
0
0
0
0
0
0
0
0
0
0
0
0
0
0
0
0
0
0
0
0
0
0
0
0
0
0
0
0
0
0
0
0
0
0
0
0
0
0
0
0
0
0
0
0
0
0
0
0
0
0
0
0
0
0
0
0
0
0
0
0
0
0
0
0
0
0
0
0
0
0
0
0
0
0
0
0
0
0
0
0
0
0
0
0
0
0
0
0
0
0
0
0
0
0
0
0
0
0
0
0
0
0
0
0
0
0
0
1
1
0
0
0
0
0
0
0
14
0
0
0
0
0
40
1
0
0
72
6
1
1
60
3
75
5
2
48
4
23
26
3
17
7
21
3
12
4
14
10
5
6
8
15
10
7
9
7
13
6
11
14
11
21
65
88
112
61
67
60
28
63
57
51
70
68
35
115
218
96
158
56
26
6
5
6
4
4
6
7
13
13
10
5
2
0
1
0
0
0
1
1
0
0
0
0
0
1
4
1
2
1
5
2
3
1
0
0
0
0
0
0
0
0
0
0
0
0
0
0
0
0
0
0
0
0
0
0
0
0
0
0
0
0
0
0
0
0
0
0
0
0
0
0
0
0
0
0
0
0
0
0
0
0
0
0
0
0
0
0
0
0
0
0
0
0
0
0
0
0
0
0
0
0
0
0
0
0
0
0
0
0
0
0
0
0
0
0
0
0
0
0
0
0
0
0
0
0
0
0
0
0
0
0
0
0
0
0
0
0
0
0
0
0
0
0
0
0
0