1024000
0
0
0
0
0
0
0
0
0
0
0
0
0
0
0
0
0
0
0
0
0
0
0
0
0
0
0
0
0
0
0
0
0
0
0
0
0
0
0
0
0
0
0
0
0
0
0
0
0
0
0
0
0
0
2
1
1
0
0
0
2
1
0
0
5
0
1
0
26
0
0
37
0
63
3
1
30
0
28
50
38
32
44
6
36
4
22
9
14
29
3
14
11
8
3
10
6
9
4
4
10
3
7
5
8
9
6
8
10
4
17
13
10
9
27
51
48
68
39
35
43
42
46
43
49
23
47
59
44
39
48
290
251
266
711
361
145
15
5
22
158
307
0
2
0
0
0
0
0
1
0
0
0
0
0
0
2
0
0
0
0
0
0
0
0
0
0
0
0
0
0
0
0
0
0
0
0
0
0
0
0
0
0
0
0
0
0
0
0
0
0
0
0
0
0
0
0
0
0
0
0
0
0
0
0
0
0
0
0
0
0
0
0
0
0
0
0
0
0
0
0
0
0
0
0
0
0
0
0
0
0
0
0
0
0
0
0
0
0
0
0
0
0
0
0
0
0
0
0
0
0
0
0
0
0
0
0
0
0
0
0
0
0
0
0
0
0
0
0
0
0
0
0
0
0
0
0
0
0
0
0
0
0
0
0
0
0
0
0
0
0
0
0
0
0
0
0
0
0
0
0
0
0
0
0
0
0
0
0
0
0
1
0
0
0
0
0
3
0
0
0
3
0
0
4
5
0
41
1
1
40
0
61
3
0
35
2
88
0
70
1
57
38
4
43
36
8
31
18
8
15
9
12
6
7
7
4
1
6
4
3
5
7
5
5
12
9
10
12
7
7
29
42
43
38
46
34
54
49
47
35
50
31
44
71
34
28
74
274
231
260
669
322
77
11
3
27
186
440
0
3
0
0
0
1
0
1
0
0
1
1
0
2
1
1
1
0
1
1
0
1
2
0
0
0
0
0
0
0
0
0
0
0
0
0
0
0
0
0
0
0
0
0
0
0
0
0
0
0
0
0
0
0
0
0
0
0
0
0
0
0
0
0
0
0
0
0
0
0
0
0
0
0
0
0
0
0
0
0
0
0
0
0
0
0
0
0
0
0
0
0
0
0
0
0
0
0
0
0
0
0
0
0
0
0
0
0
0
0
0
0
0