1024000
153
161
226
109
75
9
5
0
0
2
0
1
0
0
1
1
0
0
2
3
1
0
4
1
1
0
1
0
3
4
1
5
4
4
1
1
2
1
0
1
5
1
0
0
0
0
0
0
0
0
0
0
0
0
0
0
0
0
0
0
0
0
0
0
0
0
0
0
0
0
0
0
0
0
0
0
0
0
0
0
0
0
0
0
0
0
0
0
0
0
0
0
0
0
0
0
0
0
0
0
0
0
0
0
0
0
0
0
0
0
0
0
0
0
0
0
0
0
0
0
0
0
0
0
0
0
0
0
0
0
0
0
0
0
0
0
0
0
0
0
0
0
0
0
0
0
0
0
0
0
0
0
0
0
0
0
0
0
0
0
0
0
0
0
0
0
0
0
0
0
0
0
0
0
0
0
0
0
0
0
0
0
0
0
0
0
0
0
0
0
0
0
0
0
0
0
0
0
0
0
0
0
0
0
0
0
0
0
0
0
0
0
0
0
0
8
0
6
0
0
1
1
0
223
10
11
1
0
3
71
29
8
8
22
19
6
5
9
7
3
14
6
10
19
4
3
10
15
7
2
18
37
23
67
51
67
65
82
105
200
242
115
10
1
2
1
0
1
1
1
1
0
3
0
0
3
2
3
0
1
1
1
0
1
1
17
11
1