1024000
2
1
0
1
0
0
0
0
0
1
0
0
0
3
2
1
18
18
25
8
1
0
0
0
0
0
0
0
0
0
0
0
0
0
0
0
0
0
0
0
0
0
0
0
0
0
0
0
0
0
0
0
0
0
0
0
0
0
0
0
0
0
0
0
0
0
0
0
0
0
0
0
0
0
0
0
0
0
0
0
0
0
0
0
0
0
0
0
0
0
0
0
0
0
0
0
0
0
0
0
0
0
0
0
0
0
0
0
0
0
0
0
0
0
0
0
0
0
0
0
0
0
0
0
0
0
0
0
0
0
0
0
0
0
0
0
0
0
0
0
0
0
0
0
0
0
0
0
0
0
0
0
0
0
0
0
0
0
0
0
0
0
0
0
0
0
0
0
0
0
0
0
0
0
0
0
11
0
0
0
1
0
13
0
1
17
34
3
1
44
46
2
83
4
9
55
7
61
2
3
27
4
24
1
21
4
17
10
2
13
11
5
9
17
10
14
14
7
14
15
8
7
5
11
15
25
31
46
71
34
58
42
36
21
36
52
64
49
57
85
120
124
42
93
137
92
14
2
9
3
5
4
6
2
1
0
0
0
0
0
0
0
1
0
0
1
0
0
1
0
0
3
5
14
29
9
0
0
0
0
0
0
0
0
0
0
0
0