1024000
0
0
0
0
0
0
0
0
0
0
0
0
0
0
0
0
0
0
0
0
0
0
0
0
0
0
0
0
0
0
0
0
0
0
0
0
0
0
0
0
0
0
0
0
0
0
0
0
0
0
0
0
0
0
0
0
0
0
0
0
0
0
0
0
0
0
0
0
0
0
0
0
0
0
0
0
0
0
0
0
0
0
0
0
0
0
0
0
0
0
0
0
0
1
0
0
0
1
0
0
0
20
0
10
5
0
35
3
0
48
3
59
2
65
6
49
2
42
41
5
31
12
28
10
19
16
12
8
9
7
1
9
7
10
4
3
4
5
8
6
12
13
2
10
9
4
7
11
16
59
47
56
31
39
39
39
26
33
38
33
38
67
31
48
54
267
253
272
817
388
116
10
5
78
334
343
27
0
3
0
1
0
0
0
0
0
0
0
1
1
0
2
2
1
1
0
0
0
0
0
0
0
0
0
0
0
0
0
0
0
0
0
0
0
0
0
0
0
0
0
0
0
0
0
0
0
0
0
0
0
0
0
0
0
0
0
0
0
0
0
0
0
0
0
0
0
0
0
0
0
0
0
0
0
0
0
0
0
0
0
0
0
0
0
0
0
0
0
0
0
0
0
0
0
0
0
0
0
0
0
0
0
0
0
0
0
0
0