1024000
1
0
109
40
16
5
1
54
68
13
3
24
23
4
3
12
15
8
12
19
15
10
8
12
4
4
15
6
12
8
4
13
22
15
43
27
58
66
49
68
91
262
311
492
62
40
13
4
2
2
2
0
0
0
0
2
0
5
3
1
0
2
3
7
1
6
2
1
3
7
6
6
5
0
0
0
0
0
0
4
1
1
0
0
0
0
0
0
0
0
0
0
0
0
0
0
0
0
0
0
0
0
0
0
0
0
0
0
0
0
0
0
0
0
0
0
0
0
0
0
0
0
0
0
0
0
0
0
0
0
0
0
0
0
0
0
0
0
0
0
0
0
0
0
0
0
0
0
0
0
0
0
0
0
0
0
0
0
0
0
0
0
0
0
0
0
0
0
0
0
0
0
0
0
0
0
0
0
0
0
0
0
0
0
0
0
0
0
0
0
0
0
0
0
0
0
0
0
0
0
0
0
0
0
0
0
0
0
0
0
0
0
0
0
0
0
0
0
0
0
0
0
0
0
0
0
0
0
0
0
0
0
0
0
0
0
0
0
0
0
0
0
0
0
0
0
0
0
0
0
26
0
0
1
0
0
0
0
144
17
1
0
0
0
120
8
19
5
46
9
3
1
9
8
17
9
9
16
15
7
12
2
4
12
5
4
15
7