1024000
0
0
0
0
0
0
0
0
0
0
0
0
0
0
0
0
0
0
0
0
0
0
0
0
0
0
0
0
0
0
0
0
0
0
0
0
0
0
0
0
0
0
0
0
0
0
0
0
0
0
0
0
0
0
0
0
0
0
0
0
0
0
0
0
0
0
0
0
0
0
0
0
0
0
0
0
0
0
0
0
0
0
0
0
0
0
0
0
0
0
0
0
0
0
0
0
0
0
0
0
0
0
0
0
0
0
0
0
0
0
0
0
0
0
0
0
0
0
0
0
0
0
0
0
0
0
0
0
0
0
0
0
0
1
2
0
0
0
0
0
0
0
1
0
0
1
0
1
0
0
2
0
0
1
0
0
0
0
3
5
0
1
1
10
1
11
12
10
3
11
8
12
13
8
30
18
22
11
12
16
11
2
4
2
4
2
2
0
2
2
1
2
1
1
2
3
0
5
3
7
2
10
4
5
16
20
36
51
28
33
31
33
38
35
34
32
22
22
58
52
14
18
48
63
116
24
11
7
14
275
2062
1790
656
93
0
0
0
0
1
0
0
1
2
2
0
0
0
0
0
0
0
0
0
0
0
0
0
0
0
0
0
0
0
0
0
0
0
0
0
0
0
0
0
0
0
0
0
0
0
0
0
0
0
0
0
0
0
0