1024000
0
0
0
0
0
0
0
0
0
0
0
0
0
0
0
0
18
0
0
0
0
0
0
1
0
0
62
0
0
0
5
0
2
0
5
0
42
19
0
0
3
0
2
1
0
0
0
2
0
0
2
2
0
1
1
1
0
1
2
0
0
1
0
0
0
0
1
0
0
0
2
3
29
62
436
174
341
84
71
94
39
73
33
20
27
24
33
18
14
19
8
4
10
13
5
8
8
5
12
11
6
4
3
13
16
10
4
11
13
7
4
5
16
21
15
17
2
2
36
36
67
13
4
9
87
56
51
1
8
4
5
30
30
61
0
0
2
5
11
27
33
8
0
0
1
0
18
11
7
0
0
0
0
0
0
4
0
0
0
0
0
0
0
0
0
0
0
0
0
0
0
0
0
0
0
0
0
0
0
0
0
0
0
0
0
0
0
0
0
0
0
0
0
0
0
0
0
0
0
0
0
0
0
0
0
0
0
0
0
0
0
0
0
0
0
0
0
0
0
0
0
0
0
0
0
0
0
0
0
0
0
0
0
0
0
0
0
0
0
0
0
0
0
0
0
0
0
0
0
0
0
0
0
0
0
0
