1024000
0
0
0
0
0
0
0
0
0
0
0
0
0
0
0
0
0
0
0
0
0
0
0
0
0
0
0
0
0
0
0
0
0
0
0
0
0
0
0
0
0
0
0
0
0
0
0
0
0
0
0
0
0
0
0
0
0
0
0
0
0
0
0
0
0
0
0
0
0
0
0
0
0
0
0
0
0
0
0
0
0
0
0
0
0
0
0
0
0
0
0
0
0
0
0
0
0
0
0
0
0
0
0
0
0
0
0
0
0
0
0
0
0
0
5
5
10
3
0
1
1
0
0
0
0
0
0
0
0
0
0
0
1
0
0
1
1
1
1
0
75
569
698
177
17
13
140
1051
541
491
866
379
29
27
47
41
44
37
42
41
35
39
31
37
27
32
34
31
14
8
8
11
8
3
3
9
2
6
1
2
2
3
2
1
1
1
3
1
2
2
0
1
5
9
7
9
20
11
2
2
0
0
0
1
0
0
2
0
0
0
1
0
0
1
0
1
0
0
0
1
0
0
0
0
0
0
1
0
5
3
0
0
0
0
0
0
0
0
0
0
0
0
0
0
0
0
0
0
0
0
0
0
0
0
0
0
