1024000
0
0
0
0
0
0
0
0
0
0
0
0
0
0
0
0
0
0
0
0
0
0
0
0
0
0
0
0
0
0
0
0
0
0
0
0
0
0
0
0
0
0
0
0
0
0
0
0
0
0
0
0
0
0
0
0
0
0
0
0
0
0
5
1
1
0
2
0
0
1
1
3
5
6
10
4
4
2
8
2
7
2
3
2
7
3
4
5
5
5
4
6
5
2
6
4
7
5
65
86
63
217
335
256
51
68
80
31
38
34
34
31
59
58
37
47
24
49
11
4
7
6
12
6
18
13
17
9
7
6
7
6
7
6
4
5
1
6
7
6
10
8
17
7
13
24
23
13
29
30
32
10
24
14
11
19
27
15
8
6
12
7
1
4
1
1
0
0
1
2
1
0
1
2
2
0
0
0
1
0
0
0
0
0
0
0
0
0
0
0
0
0
0
0
0
0
0
0
0
0
0
0
0
1
0
0
0
0
1
0
0
0
0
0
0
0
0
0
0
0
0
0
0
0
0
0
0
0
0
0
0
0
0
0
0
0
0
0
0
0
0
0
0
0
0
0
0
0
0
0
0
0
0
0
0
0
