1024000
0
0
0
0
0
0
0
0
0
0
0
0
0
0
0
0
0
0
0
0
0
0
0
0
0
0
0
0
0
0
0
0
0
0
0
0
0
0
0
0
0
0
0
0
0
0
0
0
0
0
0
0
0
0
0
0
0
0
0
0
0
0
0
0
0
0
0
0
0
0
0
0
0
1
1
2
3
2
0
1
0
0
0
0
1
0
0
2
0
1
0
3
2
6
13
5
5
5
5
11
6
8
6
11
8
4
7
8
11
33
98
28
70
124
133
63
54
45
66
59
45
22
48
45
46
41
57
41
42
37
16
22
9
7
4
7
7
6
3
5
4
9
5
4
5
9
15
4
3
2
2
3
4
6
8
14
13
6
6
14
11
7
0
22
12
31
13
9
7
7
10
0
2
2
3
0
0
3
2
1
1
1
1
1
0
1
1
0
1
1
0
0
0
0
0
0
0
0
0
0
0
0
0
0
0
0
0
0
0
0
0
0
0
0
0
0
0
1
0
0
0
0
0
0
0
0
0
0
0
0
0
0
0
0
0
0
0
0
0
0
0
0
0
0
0
0
0
0
0
0
0
0
0
0
0
0
