1024000
0
0
0
0
0
0
0
0
0
0
0
0
0
0
0
0
0
0
0
0
0
0
0
0
0
0
0
0
0
0
0
0
0
0
0
0
0
0
0
0
0
0
0
0
0
0
0
0
0
0
0
0
0
0
0
0
0
0
0
0
0
0
0
0
0
2
0
6
6
0
2
0
4
3
4
2
8
1
5
5
3
3
1
7
6
5
6
4
2
4
6
5
3
5
4
2
20
23
488
149
72
127
51
101
29
51
48
54
45
55
59
60
55
71
42
39
32
20
10
4
8
6
12
9
15
8
4
13
12
7
7
5
10
4
7
5
7
12
5
14
12
4
12
19
33
8
22
30
34
2
38
15
13
12
23
13
7
6
11
5
1
0
1
7
3
0
1
1
1
0
0
1
3
1
0
0
0
0
0
0
0
0
0
0
0
0
0
0
0
0
0
0
0
0
0
0
0
0
0
0
0
0
0
0
0
0
0
0
0
1
0
0
0
1
0
0
0
0
0
0
0
0
0
0
0
0
0
0
0
0
0
0
0
0
0
0
0
0
0
0
0
0
0
0
0
0
0
0
0
0
0
0
0
0
0
0
