1024000
0
0
0
0
0
0
0
0
0
0
0
0
0
0
0
0
0
0
0
0
0
0
0
0
0
0
0
0
0
0
0
0
0
0
0
0
0
0
0
0
0
0
0
0
0
0
0
0
0
0
0
0
0
0
0
0
0
0
0
0
0
0
0
0
0
0
0
0
0
0
0
0
0
0
0
0
0
1
3
2
3
2
0
0
0
1
1
0
0
1
3
2
2
2
2
1
1
2
1
2
9
8
5
7
4
7
13
12
5
10
9
8
74
137
138
65
160
98
73
43
57
100
33
24
46
58
57
61
42
31
46
48
48
42
16
9
7
12
3
11
8
3
3
7
2
2
3
3
6
2
5
1
5
5
5
9
5
4
6
10
11
6
6
16
16
6
9
5
15
9
5
4
3
10
4
4
0
4
3
1
1
1
1
0
0
0
0
44
8
3
2
0
0
0
0
0
0
0
0
0
0
0
0
0
0
0
0
0
0
0
0
0
0
0
0
0
0
0
0
0
0
0
0
0
0
0
0
0
0
0
0
0
0
0
0
0
0
0
0
0
0
0
0
0
0
0
0
0
0
0
0
0
0
0
0
0
