1024000
0
0
0
0
0
0
0
0
0
0
0
0
0
0
0
0
0
0
0
0
0
0
0
0
0
0
0
0
0
0
0
0
0
0
0
0
0
0
0
0
0
0
0
0
0
0
0
0
0
0
0
0
0
0
0
0
0
0
0
0
0
0
0
0
0
0
0
0
0
0
0
0
0
0
0
0
0
0
0
0
0
0
0
0
0
0
0
0
0
0
0
0
0
0
0
0
0
0
0
0
0
0
0
0
0
0
0
0
0
0
0
0
0
0
0
0
0
0
0
0
0
4
7
1
1
1
0
0
0
1
1
0
0
0
0
0
0
0
0
1
1
0
1
0
1
2
204
626
914
281
22
41
61
30
75
143
200
25
15
28
52
47
32
37
33
26
26
31
25
19
21
25
19
15
9
9
5
4
1
3
3
3
3
2
3
2
3
2
2
2
0
2
4
4
7
3
4
1
6
2
0
0
4
2
2
2
3
1
0
0
0
0
0
0
0
0
0
0
0
1
0
0
1
0
0
0
0
1
0
0
0
6
5
0
0
0
0
0
0
0
0
0
0
0
0
0
0
0
0
0
0
0
0
0
0
0
