1024000
0
0
0
0
0
0
0
0
0
0
0
0
0
0
0
0
0
0
0
0
0
0
0
0
0
0
0
0
0
0
0
0
0
0
0
0
0
0
0
0
0
0
0
0
0
0
0
0
0
0
0
0
0
0
0
0
0
0
0
0
0
0
0
0
0
0
0
0
0
0
0
0
0
0
0
0
0
0
0
0
1
0
0
0
1
7
22
4
34
13
1
2
1
3
2
0
0
0
1
0
0
0
3
0
0
1
1
1
1
1
1
1
4
4
5
6
9
5
6
492
425
245
89
170
135
76
28
30
54
34
48
37
43
47
39
44
37
27
35
27
23
14
15
8
5
9
3
4
5
7
10
2
1
3
3
2
3
2
3
3
0
1
0
1
0
3
1
7
3
0
0
2
0
4
4
6
5
1
0
3
9
12
6
12
12
0
0
0
0
0
0
2
2
2
0
0
0
0
0
1
0
0
0
0
0
0
0
0
0
0
0
0
0
0
0
1
0
0
0
0
0
0
0
0
0
0
0
0
0
0
0
0
0
0
0
0
0
0
0
0
0
0
0
0
0
0
0
0
0
0
0
0
0
0
0
0
