1024000
0
0
0
0
0
0
0
0
0
0
0
0
0
0
0
0
0
0
0
0
0
0
0
0
0
0
0
0
0
0
0
0
0
0
0
0
0
0
0
0
0
0
0
0
0
0
0
0
0
0
0
0
0
0
0
0
0
0
0
0
0
0
0
0
0
0
0
0
0
0
0
0
0
0
0
0
0
0
0
0
1
2
3
5
10
1
17
1
0
0
1
0
0
1
0
1
2
1
2
0
0
1
1
1
2
5
0
15
5
15
4
20
6
9
6
3
15
317
312
88
143
140
69
60
26
92
35
32
58
35
46
50
43
34
31
30
39
34
32
13
7
11
9
8
7
5
6
3
7
5
1
3
1
2
4
4
5
2
4
4
4
5
5
1
4
4
12
6
5
4
4
4
0
3
4
10
7
3
1
4
5
3
4
16
18
6
0
0
3
0
1
0
0
0
0
0
0
0
0
0
0
0
1
0
0
0
0
0
0
0
0
0
0
0
0
0
0
0
0
1
0
0
0
0
0
0
0
0
0
0
0
0
0
0
0
0
0
0
0
0
0
0
0
0
0
0
0
0
0
0
0
0
0
0
0
0
