1024000
0
0
0
0
0
0
0
0
0
0
0
0
0
0
0
0
0
0
0
0
0
0
0
0
0
0
0
0
0
0
0
0
0
0
0
0
0
0
0
0
0
0
0
0
0
0
0
0
0
0
0
0
0
0
0
0
0
0
0
0
0
0
0
0
0
0
0
0
0
0
0
0
0
0
0
0
0
0
0
0
0
0
0
0
0
0
0
0
0
0
0
0
0
0
0
0
0
0
0
0
0
0
0
0
0
0
0
0
0
0
0
0
0
0
0
0
0
0
0
0
0
0
0
0
0
0
0
0
0
0
0
0
0
0
0
0
0
0
0
0
0
0
0
0
0
0
0
0
0
0
0
0
0
0
0
0
0
0
0
0
0
0
1
0
0
0
0
1
0
0
0
0
268
1085
2555
1530
674
116
9
3
15
7
18
58
19
50
717
83
68
63
45
17
24
29
22
11
17
2
9
4
9
4
7
5
2
3
4
2
5
2
1
2
3
2
2
5
3
1
0
0
0
0
0
0
0
0
0
0
0
0
0
0
0
0
2
9
4
0
0
1
0
0
0
0
0
0
0
0
0
0
0
0
0
0
0
0
