1024000
0
0
0
0
0
0
0
0
0
0
0
0
0
0
0
0
0
0
0
0
0
0
0
0
0
0
0
0
0
0
0
0
0
0
0
0
0
0
0
0
0
0
0
0
0
0
0
0
0
0
0
0
0
0
0
0
0
0
0
0
0
0
0
0
1
1
0
0
0
1
0
0
0
0
0
0
4
4
1
16
6
10
7
10
3
4
1
6
2
6
6
12
9
2
5
10
6
7
0
6
4
14
38
91
64
218
241
77
72
70
45
38
53
21
32
63
57
53
37
28
21
10
8
5
7
6
11
14
9
10
4
9
9
5
5
2
5
7
5
7
10
9
7
14
9
4
9
11
7
21
20
27
3
40
33
24
6
29
12
13
11
12
9
0
6
1
4
1
2
2
1
1
0
2
0
0
0
1
1
4
0
3
1
0
0
0
0
0
0
0
0
0
0
0
0
0
0
0
0
0
0
0
0
0
0
0
0
0
1
0
0
0
0
0
0
0
0
0
0
0
0
0
0
0
0
0
0
0
0
0
0
0
0
0
0
0
0
0
0
0
0
0
0
0
0
0
0
0
0
0
0
0
0
0
0
0
