1024000
0
0
0
0
0
0
0
0
0
0
0
0
0
0
0
0
0
0
0
0
0
0
0
0
0
0
0
0
0
0
0
0
0
0
0
0
0
0
0
0
0
0
0
0
0
0
0
0
0
0
0
0
0
0
0
0
0
0
0
0
0
0
0
0
0
0
0
0
0
1
0
1
0
0
0
4
0
0
7
0
8
0
0
9
0
3
4
6
5
8
1
7
4
19
2
15
17
0
13
21
13
9
24
27
23
3
27
28
29
16
11
8
8
4
4
7
5
1
3
5
1
6
2
1
0
3
0
4
4
1
8
5
9
8
9
10
21
30
28
31
33
48
40
42
37
40
55
41
36
29
160
406
172
88
32
61
21
13
252
837
620
164
1
1
0
0
1
0
0
0
0
4
2
1
0
0
0
0
0
0
0
0
0
0
0
0
0
0
0
0
0
0
0
0
0
0
0
0
0
0
0
0
0
0
0
0
0
0
0
0
0
0
0
0
0
0
0
0
0
0
0
0
0
0
0
0
0
0
0
0
0
0
0
0
0
0
0
0
0
0
0
0
0
0
0
0
0
0
0
0
0
0
0
0
0
0
0
0
0
0
0
0
0
0
0
0
0
0
0
0
0
0
0
0
0
0
0
0
0
0
0
0
0
0
0
0
0
0
0
0
0
0
0
0
0
0
0
0
0
0
0
0
0
0
0
0
0
0
0
0
0
0
0
0
0
0
0
0
0
0
0
0
0
0
0
0
0
0
0
0
0
0
0
0
5
0
0
5
0
5
0
0
8
0
14
1
4
0
17
12
0
12
18
1
11
5
12
27
14
17
1
40
25
32
7
44
6
18
16
6
5
3
5
3
5
1
2
5
5
3
2
5
4
2
5
4
5
7
6
4
9
9
16
21
23
36
39
37
48
25
35
48
35
54
44
27
22
38
208
174
68
30
49
26
22
376
705
773
74
0
0
0
0
0
1
1
0
0
3
1
1
0
0
0
0
0
0
0
0
0
0
0
0
0
0
0
0
0
0
0
0
0
0
0
0
0
0
0
0
0
0
0
0
0
0
0
0
0
0
0
0
0
0
0
0
0
0
0
0
0
0
0
0
0
0
0
0
0
0
0
0
0
0
0
0
0
0
0
0
0
0
0
0
0
0
0
0
0
0
0
0
0