1024000
0
0
0
0
0
0
0
0
0
0
0
0
0
0
0
0
0
0
0
0
0
0
0
0
0
0
0
0
0
0
0
0
0
0
0
0
0
0
0
0
0
0
0
0
0
0
0
0
0
0
0
0
0
0
0
0
0
0
0
0
0
0
0
0
0
0
0
0
0
0
0
0
0
0
0
0
0
0
0
0
0
0
0
0
0
0
0
0
0
0
0
0
0
0
0
0
0
0
0
0
0
0
0
0
0
0
0
0
0
0
0
0
0
0
0
0
0
0
0
0
0
0
0
7
4
0
0
1
0
0
0
1
0
1
1
1
0
0
1
0
0
1
0
1
1
0
0
16
237
824
1175
306
13
26
32
24
50
131
101
33
18
16
50
72
54
42
36
25
26
29
32
27
26
24
21
20
17
11
10
0
3
6
3
4
4
0
2
5
2
1
2
3
2
1
1
5
1
0
1
0
0
0
2
3
0
1
3
1
0
0
1
0
0
1
0
0
0
0
0
0
0
0
0
0
0
0
0
1
0
0
0
0
6
0
0
0
0
0
0
0
0
0
0
0
0
0
0
0
0
0
0
0
0
0
0
0
