1024000
0
0
0
0
0
0
0
0
0
0
0
0
0
0
0
0
0
0
0
0
0
0
0
0
0
0
0
0
0
0
0
0
0
0
0
0
0
0
0
0
0
0
0
0
0
0
0
0
0
0
0
0
0
0
0
0
0
0
0
0
0
0
0
0
0
0
0
0
0
0
0
0
0
0
0
0
0
0
0
0
0
0
0
0
0
0
0
0
0
0
0
0
0
0
0
0
0
0
0
0
0
0
0
0
0
0
0
0
0
0
0
0
0
0
0
0
0
0
0
0
0
0
0
0
0
0
0
0
0
0
0
0
0
0
0
0
0
0
0
0
0
0
0
0
0
0
0
0
0
0
0
0
0
0
0
0
0
0
0
0
0
0
0
0
0
0
0
0
0
0
0
1
0
0
0
1
0
3
0
0
1
0
69
633
2979
1440
198
50
8
14
9
28
51
69
107
1686
108
92
94
27
23
31
17
11
19
6
5
4
4
0
6
1
2
0
2
6
1
1
1
0
1
2
2
0
0
0
0
0
0
0
0
0
0
0
0
0
0
0
4
33
2
1
0
0
0
0
0
0
0
0
0
0
0
0
0
0
