1024000
0
0
0
0
0
0
0
0
0
0
0
0
0
0
0
0
7
0
0
0
0
0
0
0
0
0
59
0
31
0
3
0
3
0
7
0
0
13
3
0
0
0
6
1
0
0
0
1
5
2
0
2
0
3
2
0
1
0
1
0
1
1
0
0
0
0
1
0
1
2
0
0
5
40
36
346
110
219
133
65
79
52
70
50
20
17
26
22
23
24
21
7
13
2
10
10
5
17
3
6
8
13
15
7
4
5
9
7
10
6
11
6
13
4
1
16
39
39
25
1
7
43
78
45
7
8
11
61
53
28
0
2
0
3
48
29
44
2
2
1
1
12
19
20
8
0
0
0
0
14
12
4
0
0
0
0
1
0
4
0
0
0
0
0
0
0
0
0
0
0
0
0
0
0
0
0
0
0
0
0
0
0
0
0
0
0
0
0
0
0
0
0
0
0
0
0
0
0
0
0
0
0
0
0
0
0
0
0
0
0
0
0
0
0
0
0
0
0
0
0
0
0
0
0
0
0
0
0
0
0
0
0
0
0
0
0
0
0
0
0
0
0
0
0
0
0
0
0
0
0
0
0
0
0
0
0
