1024000
0
0
0
0
0
0
0
0
0
0
0
0
0
0
0
0
0
0
0
0
0
0
0
0
0
0
0
0
0
0
0
0
0
0
0
0
0
0
0
0
0
0
0
0
0
0
0
0
0
0
0
0
0
0
0
0
0
0
0
0
0
1
2
0
2
1
0
2
5
0
4
3
6
7
3
1
1
3
5
7
7
2
2
8
3
0
11
6
4
5
3
4
3
3
5
2
9
8
24
255
156
176
215
41
40
70
53
39
49
38
54
51
40
34
57
63
23
26
13
3
5
7
17
6
18
10
10
10
5
7
12
6
3
1
10
8
1
4
9
9
11
9
16
15
8
20
30
22
5
31
24
26
9
27
17
6
12
17
17
2
11
6
1
0
1
1
3
0
1
0
1
0
0
0
0
0
0
0
0
0
0
0
0
0
0
0
0
0
0
0
0
0
0
0
0
0
0
0
0
0
0
0
0
0
0
0
0
0
0
0
0
0
0
0
0
0
0
0
0
0
0
0
0
0
0
0
0
0
0
0
0
0
0
0
0
0
0
0
0
0
0
0
0
0
0
0
0
0
0
0
0
0
0
0
0
0
