1024000
0
0
0
0
0
0
0
0
0
0
0
0
0
0
0
0
0
0
0
0
0
0
0
0
0
0
0
0
0
0
0
0
0
0
0
0
0
0
0
0
0
0
0
0
0
0
0
0
0
0
0
0
0
1
0
0
1
0
0
0
2
0
1
9
2
5
1
4
10
8
7
12
7
7
2
4
2
7
2
4
2
4
1
2
0
1
4
2
3
3
6
32
43
434
378
295
135
84
69
83
49
56
52
37
48
67
56
84
103
76
38
32
12
11
6
11
4
9
4
5
3
8
10
10
4
15
7
7
7
10
6
5
10
9
8
12
15
26
8
25
39
26
8
29
30
20
2
1
18
19
14
5
15
12
19
0
0
5
13
6
5
3
1
2
0
0
0
1
2
0
0
0
0
0
0
0
0
0
0
0
0
0
0
0
0
0
0
0
0
0
0
0
0
0
0
0
0
0
0
0
0
0
0
0
0
0
0
0
0
0
0
0
0
0
0
0
0
0
0
0
0
0
0
0
0
0
0
0
0
0
0
0
0
0
0
0
0
0
0
0
0
0
0
0
0
0
0
0
0
0
0
0
0
0
0
0
