1024000
0
0
0
0
0
0
0
0
0
0
0
3
0
0
0
5
0
0
0
0
0
0
0
0
0
0
0
1
0
1
0
0
0
0
0
0
0
0
0
0
0
0
1
0
0
0
0
0
0
0
1
2
0
0
0
0
0
1
2
0
0
1
1
0
1
5
10
32
225
262
303
92
180
49
43
33
31
38
17
31
11
19
16
9
10
18
10
9
5
11
11
10
5
1
8
1
7
9
7
2
3
11
19
11
6
7
22
19
29
29
2
2
5
2
45
85
58
0
2
7
2
26
63
35
24
2
5
2
1
23
26
16
0
0
0
0
4
8
6
4
0
0
0
0
0
0
0
0
0
0
0
0
0
0
0
0
0
0
0
0
2
0
0
0
1
0
0
0
0
0
0
0
0
0
0
0
0
0
0
0
0
0
0
0
0
0
0
0
0
0
0
0
0
0
0
0
0
0
0
0
0
0
0
0
0
0
0
0
0
0
0
0
0
0
0
0
0
0
0
0
0
0
0
0
0
0
0
0
0
0
0
0
0
0
0
0
0
0
0
0
0
0
0
0
0
0
0
0
0
0
0
0
0
0
0
0
