1024000
0
0
0
0
0
0
0
0
0
0
0
0
0
0
0
0
0
0
0
0
0
0
0
0
0
0
0
0
0
0
0
0
0
0
0
0
0
0
0
0
0
0
0
0
0
0
0
0
0
0
0
0
0
0
0
0
0
0
0
0
0
0
0
0
0
0
0
0
0
0
0
0
0
0
0
0
0
0
0
0
0
0
0
0
0
0
0
0
0
0
0
0
0
0
0
0
0
2
3
4
5
4
2
0
0
1
0
0
2
1
0
1
0
1
0
0
1
0
0
0
0
0
0
0
0
0
2
3
22
37
431
420
711
260
253
291
58
48
46
95
36
44
49
36
48
46
49
44
20
28
10
23
9
9
2
3
5
7
5
6
3
4
1
2
2
2
0
1
0
0
0
2
2
0
1
0
0
0
2
1
0
1
1
3
3
2
7
3
0
1
0
0
0
9
2
0
1
0
0
1
0
0
0
0
0
0
0
0
0
0
0
0
0
0
0
0
0
0
0
0
0
0
0
1
0
0
1
0
0
0
0
0
0
0
0
0
0
0
0
0
0
0
0
0
0
0
0
0
0
0
0
0
0
0
0
0
