1024000
0
0
0
0
0
0
0
0
0
0
0
0
0
0
0
0
0
0
0
0
0
0
0
0
0
0
0
0
0
0
0
0
0
0
0
0
0
0
0
0
0
0
0
0
0
0
0
0
0
0
0
0
0
0
0
0
0
0
0
0
0
0
0
0
0
0
0
0
0
0
0
0
0
0
0
0
0
0
0
0
0
0
0
0
0
0
0
0
0
0
0
0
0
0
0
0
0
0
0
0
0
0
0
0
0
0
0
0
2
1
12
15
18
14
2
1
0
0
0
0
0
0
0
1
0
1
0
0
1
0
0
2
0
0
0
1
392
537
479
58
6
47
290
2665
1211
677
713
65
18
26
65
46
40
48
31
27
42
40
33
25
33
20
29
21
29
22
15
6
8
2
3
2
4
0
2
3
1
1
1
1
1
2
4
1
2
0
1
1
0
0
2
6
2
0
0
4
2
2
33
26
1
0
1
0
0
0
1
0
0
0
1
0
0
0
0
0
0
2
0
0
0
1
0
0
0
0
0
0
2
0
0
0
0
0
0
0
0
0
0
0
0
0
0
0
0
0
0
0
0
0
0
0
0
0
0
0
