1024000
0
0
0
0
0
0
0
0
0
0
0
0
0
0
0
0
0
0
0
0
0
0
0
0
0
0
0
0
0
0
0
0
0
0
0
0
0
0
0
0
0
0
0
0
0
0
0
2
0
5
2
1
1
0
8
1
0
4
15
0
7
19
0
0
15
0
1
3
3
1
1
2
0
1
2
1
1
1
0
7
3
2
1
3
3
3
4
5
74
36
546
207
147
137
61
36
55
48
41
33
38
71
62
94
80
65
39
10
19
15
8
8
5
15
6
7
8
9
10
7
8
26
16
3
6
7
4
10
18
13
12
14
14
31
10
2
7
36
34
34
4
35
29
14
0
2
19
21
23
2
17
17
7
0
0
1
6
8
0
0
0
2
0
0
0
0
0
0
0
0
0
0
0
0
0
0
0
0
0
0
0
0
0
0
0
0
0
0
0
0
0
0
0
0
0
0
0
0
0
0
0
1
0
0
0
0
0
0
0
0
0
0
0
0
0
0
0
0
0
0
0
0
0
0
0
0
0
0
0
0
0
0
0
0
0
0
0
0
0
0
0
0
0
0
0
0
0
0
0
0
0
0
0
0
0
0
