1024000
0
0
0
0
0
0
0
0
0
0
0
0
0
0
0
0
0
0
0
0
0
0
0
0
0
0
0
0
0
0
0
0
0
0
0
0
0
0
0
0
0
0
0
0
0
0
0
0
0
0
0
0
0
0
0
0
0
0
0
0
0
0
0
0
0
0
0
0
0
0
0
0
0
0
0
0
0
0
0
0
0
0
0
0
0
0
0
0
0
0
0
3
11
24
3
1
1
0
3
2
0
1
0
0
0
1
0
0
0
1
0
1
3
0
0
0
0
6
5
25
12
7
12
17
773
685
252
314
233
32
35
42
59
44
33
43
33
40
45
47
23
34
33
23
24
11
4
4
7
7
7
4
4
2
4
4
2
3
2
1
2
2
2
0
0
2
1
1
4
1
3
2
2
4
2
2
0
3
0
0
4
2
7
1
3
10
5
2
0
1
0
1
0
0
0
0
0
0
0
0
0
0
1
0
0
0
0
0
0
0
0
0
0
0
0
0
0
0
0
0
0
2
0
0
0
0
0
0
0
0
0
0
0
0
0
0
0
0
0
0
0
0
0
0
0
0
0
0
0
0
0
0
0
0
0
0
