1024000
6
18
6
7
25
4
11
4
6
5
4
12
4
13
7
5
8
8
11
12
17
8
17
31
52
106
70
71
46
42
59
56
35
80
63
40
127
176
217
250
54
14
9
2
10
2
11
9
11
8
9
3
8
5
2
0
1
1
0
0
0
0
0
1
1
2
1
5
1
4
4
6
3
1
0
0
0
0
0
0
0
0
0
0
0
0
0
0
0
0
0
0
0
0
0
0
0
0
0
0
0
0
0
0
0
0
0
0
0
0
0
0
0
0
0
0
0
0
0
0
0
0
0
0
0
0
0
0
0
0
0
0
0
0
0
0
0
0
0
0
0
0
0
0
0
0
0
0
0
0
0
0
0
0
0
0
0
0
0
0
0
0
0
0
0
0
0
0
0
0
0
0
0
0
0
0
0
0
0
0
0
0
0
0
0
0
0
0
0
0
0
0
0
0
0
0
0
0
0
0
0
0
0
0
0
0
0
0
0
0
0
0
0
0
0
0
0
0
0
0
0
0
0
0
0
0
0
0
0
0
0
0
0
0
0
0
9
0
0
0
0
0
42
1
1
1
92
2
0
4
94
1
69
2
2
26
4
21
5
2
14
1
19
3
9
1
10
6
3
15
11
12
9
9
7
8
7
14
14
16
37
40
81
62
71
41
52
52