1024000
3
13
7
4
8
5
7
5
13
21
46
55
36
44
52
44
43
45
61
82
57
40
73
138
143
70
281
425
586
15
15
12
21
9
3
0
0
0
0
0
0
1
0
0
0
0
0
0
0
0
0
0
1
1
2
0
2
6
3
0
0
0
0
0
0
0
0
0
0
0
0
0
0
0
0
0
0
0
0
0
0
0
0
0
0
0
0
0
0
0
0
0
0
0
0
0
0
0
0
0
0
0
0
0
0
0
0
0
0
0
0
0
0
0
0
0
0
0
0
0
0
0
0
0
0
0
0
0
0
0
0
0
0
0
0
0
0
0
0
0
0
0
0
0
0
0
0
0
0
0
0
0
0
0
0
0
0
0
0
0
0
0
0
0
0
0
0
0
0
0
0
0
0
0
0
0
0
0
0
0
0
0
0
0
0
0
0
0
0
0
0
0
0
0
0
0
0
0
0
0
0
0
0
0
0
0
0
0
0
0
0
2
0
0
0
0
6
8
0
0
26
17
0
1
64
3
3
51
5
23
26
3
46
2
8
49
13
43
12
28
20
18
29
5
9
15
3
8
9
3
12
26
12
9
10
8
5
13
15
19
6
7
6
8
10
10
19
35
32
40
43
39
28
22
43
39
100
44
55
57
140
190
95
245
429
794
12
7