1024000
0
0
0
0
0
0
0
0
0
0
0
0
0
0
0
0
0
0
0
0
0
0
0
0
0
0
0
0
0
0
0
0
0
0
0
0
0
0
0
0
0
0
0
0
0
0
0
0
0
0
0
0
0
0
0
0
0
0
0
0
0
0
2
0
0
1
0
0
0
0
0
3
1
6
1
17
6
4
4
2
1
4
3
5
4
8
3
6
4
4
12
4
2
4
3
4
6
4
4
49
43
250
89
132
116
35
74
35
63
51
45
42
38
42
34
46
39
43
35
12
5
8
8
14
13
14
13
7
14
7
6
7
5
4
3
11
9
9
9
8
9
9
9
7
12
23
4
13
31
29
3
35
27
17
4
19
14
11
11
9
10
1
2
4
5
0
4
7
1
0
0
2
1
0
1
0
1
0
0
0
0
0
0
0
0
0
0
0
0
0
0
0
0
0
0
0
0
0
0
0
0
0
0
0
0
1
0
0
0
0
0
0
0
0
0
0
0
0
0
0
0
0
0
0
0
0
0
0
0
0
0
0
0
0
0
0
0
0
0
0
0
0
0
0
0
0
0
0
0
0
0
0
0
0
0
0
