1024000
0
0
0
0
0
0
0
0
0
0
0
0
0
0
0
0
0
0
0
0
0
0
0
0
0
0
0
0
0
0
0
0
0
0
0
0
0
0
0
0
0
0
0
0
0
0
0
0
0
0
0
0
0
0
0
0
0
0
0
0
0
0
0
0
0
0
0
0
0
0
0
0
0
0
0
0
0
0
0
0
0
0
0
0
0
0
0
0
0
0
0
0
0
0
0
0
0
0
0
0
0
0
0
0
0
0
0
0
0
0
0
0
1
0
9
5
7
1
2
1
1
0
0
0
0
0
0
0
1
0
1
1
0
1
1
2
0
1
0
91
726
761
125
10
5
105
2100
640
507
755
274
27
36
44
42
29
36
39
32
44
38
38
29
27
24
26
22
15
14
6
3
2
7
6
1
3
3
1
1
3
1
3
1
1
1
3
2
1
0
1
2
3
3
2
8
0
1
0
5
6
5
4
3
0
1
0
1
0
1
0
0
0
0
2
0
0
0
2
0
0
1
0
0
0
0
0
0
0
4
1
3
6
0
0
0
0
0
0
0
0
0
0
0
0
0
0
0
0
0
0
0
0
0
0
0
0
