1024000
0
0
0
0
0
0
0
0
0
0
0
0
0
0
0
0
0
0
0
0
0
0
0
0
5
0
44
0
0
0
0
3
0
62
0
92
32
0
4
1
5
17
9
0
3
4
3
0
2
0
0
0
1
1
3
1
2
0
0
0
2
1
0
0
0
1
0
0
0
1
2
1
2
4
10
31
59
244
106
207
134
55
85
51
77
62
31
34
31
16
23
38
12
17
23
20
6
5
9
5
5
5
12
13
23
8
9
16
4
3
1
1
6
10
6
14
20
20
17
2
5
28
43
45
6
5
8
67
53
55
4
6
50
35
59
24
0
1
1
19
48
42
25
0
2
0
0
9
11
8
0
0
0
0
1
1
2
0
0
0
0
0
0
0
0
0
0
0
0
0
0
0
0
0
0
0
0
0
0
0
0
0
0
0
0
0
0
0
0
0
0
0
0
0
0
0
0
0
0
0
0
0
0
0
0
0
0
0
0
0
0
0
0
0
0
0
0
0
0
0
0
0
0
0
0
0
0
0
0
0
0
0
0
0
0
0
0
0
0
0
0
0
0
0
0
0
0
0
0
0
0
0
0
0
0
0
