1024000
0
0
0
0
0
0
0
0
0
0
0
5
11
0
0
12
0
0
0
0
0
0
0
0
0
3
0
9
0
0
0
3
0
0
1
0
0
0
1
0
0
0
0
0
0
0
0
1
1
0
1
2
1
0
0
0
0
0
1
0
0
0
0
1
1
0
2
4
11
118
87
570
308
91
65
55
31
46
34
37
14
33
18
22
24
20
4
7
12
15
11
5
12
7
13
7
14
13
7
2
4
6
9
9
4
3
11
9
9
28
3
6
24
27
61
14
6
3
9
9
79
46
63
2
8
4
3
40
41
47
0
3
0
1
5
25
17
5
0
0
0
0
5
6
9
0
0
0
0
0
0
0
0
0
0
0
0
0
0
0
0
0
0
0
0
0
0
0
0
0
0
0
0
0
0
0
0
0
0
0
0
0
0
0
0
0
0
0
0
0
0
0
0
0
0
0
0
0
0
0
0
0
0
0
0
0
0
0
0
0
0
0
0
0
0
0
0
0
0
0
0
0
0
0
0
0
0
0
0
0
0
0
0
0
0
0
0
0
0
0
0
0
0
0
0
0
0
0
0
0
0
0
0
0
0
0
