1024000
0
0
0
0
0
0
0
0
0
0
0
0
0
0
0
0
0
0
0
0
0
0
0
0
0
0
0
0
0
0
0
0
0
0
0
0
0
0
0
0
0
0
0
0
0
0
0
0
0
0
0
0
0
0
0
0
0
0
0
0
0
0
0
0
0
0
0
0
0
0
0
0
0
0
0
1
0
5
4
1
4
0
1
2
3
1
1
0
0
2
5
1
4
3
1
1
1
0
0
1
1
5
14
0
12
13
10
1
11
10
13
6
2
92
167
155
102
112
139
23
40
44
75
45
28
46
38
45
45
37
46
40
68
43
59
25
8
6
8
7
3
10
10
2
4
2
3
5
4
5
6
3
1
3
1
4
4
2
8
10
2
7
9
10
5
15
13
25
13
1
5
8
7
6
2
5
7
0
1
1
2
2
7
30
18
10
19
1
1
0
0
0
0
0
0
0
0
0
1
0
0
1
0
0
0
0
0
0
0
0
0
0
0
0
0
0
0
0
0
0
2
0
0
0
0
0
0
0
0
0
0
0
0
0
0
0
0
0
0
0
0
0
0
0
0
0
0
0
0
0
0
0
0
0
0
0
