1024000
0
0
0
0
0
0
0
0
0
0
0
0
0
0
0
0
7
0
0
0
0
0
0
13
0
0
0
0
12
0
1
0
0
0
0
24
92
0
0
0
1
0
4
3
0
0
1
0
0
1
1
0
0
1
0
1
0
2
1
0
0
1
0
1
0
1
1
0
0
1
1
3
1
13
15
33
283
156
314
98
54
92
72
47
53
39
26
19
34
31
16
28
26
19
11
14
9
13
10
2
13
7
11
12
7
6
4
6
7
8
10
5
1
17
9
15
2
7
24
38
55
12
3
4
48
84
38
4
4
27
77
45
28
0
3
3
3
41
35
20
0
0
0
0
19
18
18
3
0
0
0
4
7
5
4
0
0
0
1
0
1
0
0
0
0
0
0
0
0
0
0
0
0
0
0
0
0
0
0
0
0
0
0
0
0
0
0
0
0
0
0
0
0
0
0
0
0
0
0
0
0
0
0
0
0
0
0
0
0
0
0
0
0
0
0
0
0
0
0
0
0
0
0
0
0
0
0
0
0
0
0
0
0
0
0
0
0
0
0
0
0
0
0
0
0
0
0
0
0
0
0
0
0
0
0
0
