1024000
0
0
0
0
0
0
0
0
0
0
0
0
0
0
0
0
0
0
0
0
0
0
0
0
0
0
0
0
0
0
0
0
0
0
0
0
0
0
0
0
0
0
0
0
0
0
0
0
0
0
0
0
0
0
0
0
0
0
0
0
0
0
0
0
0
0
0
0
0
0
0
0
0
0
0
0
0
0
0
0
0
0
0
0
0
0
0
0
0
0
0
0
0
0
0
0
0
0
0
0
0
0
0
0
0
0
0
0
0
0
0
0
0
0
0
0
0
0
0
0
0
0
0
0
0
0
0
0
0
0
0
0
0
0
0
0
0
0
0
0
0
0
0
0
0
0
0
0
0
0
0
0
0
0
0
0
0
0
0
0
0
0
0
0
0
2
3
2
0
3
1
0
0
0
0
0
2
918
2048
1097
929
58
13
10
13
17
26
35
43
33
1250
180
64
67
35
17
26
27
7
9
13
11
3
6
9
6
4
3
1
4
3
4
10
3
4
2
4
7
1
0
0
0
0
0
0
0
0
0
0
0
0
0
0
0
0
0
0
18
1
1
1
0
0
0
0
0
0
0
0
0
0
0
0
0
0
0
