1024000
0
0
0
0
0
0
0
0
0
0
0
0
0
0
0
0
0
0
0
0
0
0
0
0
0
0
0
0
0
0
0
0
0
0
0
0
0
0
0
0
0
0
0
0
0
0
0
0
0
0
0
0
0
0
0
0
0
0
0
0
0
0
0
0
0
0
0
1
4
4
1
0
0
0
0
0
0
1
0
0
0
0
2
0
0
4
2
5
14
12
9
9
7
10
7
3
2
3
5
0
4
2
6
5
7
26
76
56
42
184
213
50
34
49
30
29
39
47
49
42
44
40
41
34
21
13
10
6
10
8
12
11
4
12
13
11
8
5
5
3
4
3
8
5
6
1
5
6
6
7
2
11
16
44
26
28
9
33
11
16
8
18
18
11
6
13
10
0
1
0
2
0
1
3
1
2
3
1
1
2
1
1
0
0
2
1
0
0
0
0
0
0
0
0
0
0
0
0
0
0
0
0
0
0
1
0
0
0
0
0
0
0
0
0
0
0
0
0
0
0
0
0
0
0
0
0
0
0
0
0
0
0
0
0
0
0
0
0
0
0
0
0
0
0
0
0
0
0
0
0
0
0
0
0
0
0
