1024000
0
0
0
0
0
0
0
0
0
0
0
0
0
0
0
0
0
0
0
0
0
0
0
0
0
0
0
0
0
0
0
0
0
0
0
0
0
0
0
0
0
0
0
0
0
0
0
0
0
0
0
0
0
0
0
0
0
0
0
0
0
0
0
0
0
0
0
0
0
0
0
0
0
0
0
0
0
0
0
0
0
0
0
0
0
0
0
0
0
0
0
0
0
0
0
0
0
0
0
0
0
0
0
0
0
1
0
1
1
0
1
0
2
1
1
2
1
7
0
2
4
3
1
6
2
7
2
7
2
2
2
2
0
0
1
0
1
1
0
2
0
1
2
0
2
4
1
2
1
2
1
4
0
3
4
3
2
3
9
4
8
11
12
13
28
20
28
22
26
23
32
33
32
41
45
58
1039
42
21
29
18
16
12
8
13
116
848
1638
1739
69
0
0
0
0
0
1
0
0
0
0
0
0
0
0
0
0
0
0
0
0
0
0
0
0
0
0
0
0
0
0
0
0
0
0
0
0
0
0
0
0
0
0
0
0
0
0
0
0
0
0
0
0
0
0
0
0
0
0
0
0
0
0
0
0
0
0
0
0
0
0
0
0
0
0
0
0
0
0
0
0
0
0
0
0
0
0
0
0
0
0
0
0
0
0
0
0
0
0
0
0
0
0
0
0
0
0
0
0
0
0
0
0
0
0
0
0
0
0
0
0
0
0
0
0
0
0
0
0
0
0
0
0
0
0
0
0
0
0
0
0
0
0
0
0
0
0
0
0
0
0
0
0
0
0
0
0
0
0
0
0
0
0
0
0
0
0
0
0
0
0
0
0
0
0
0
0
1
0
1
1
2
0
0
30
2
0
16
1
0
12
0
10
6
1
3
1
1
0
3
4
3
1
2
0
1
1
0
2
1
1
1
1
2
1
1
1
1
1
2
1
3
2
2
4
5
9
7
17
5
10
14
26
25
21
20
20
22
16
17
29
45
47
142
588
68
42
58
29
15
14
10
56
88
1415
1958
633
52
1
0
1
0
0
1
0
0
0
0
0
0
0
0
0
0
0
0
0
0
0
0
0
0
0
0
0
0
0
0
0
0
0
0
0
0
0
0
0
0
0
0
0
0
0
0
0
0
0
0
0
0
0
0
0
0
0
0
0
0
0
0
0
0
0