1024000
0
0
0
0
0
0
0
0
0
0
0
0
0
0
0
0
0
0
0
0
0
0
0
0
0
0
0
0
0
0
0
0
0
0
0
0
0
0
0
0
0
0
0
0
0
0
0
0
0
0
0
0
0
0
0
0
0
0
0
0
0
0
0
0
0
0
0
0
0
0
0
0
0
0
0
0
0
0
0
0
0
0
0
0
0
0
0
0
0
0
0
0
0
0
0
2
0
0
0
0
1
1
1
1
1
2
2
1
0
1
3
7
4
7
12
12
15
13
13
3
5
5
6
3
1
1
5
4
2
3
1
5
3
4
0
2
2
6
4
4
4
6
5
3
7
8
10
5
14
14
16
22
28
26
30
25
24
26
31
60
61
39
78
76
27
35
40
48
49
19
10
8
340
318
2486
741
240
0
0
0
0
0
0
0
0
0
2
1
0
0
0
0
0
0
0
0
0
0
0
0
0
0
0
0
0
0
0
0
0
0
0
0
0
0
0
0
0
0
0
0
0
0
0
0
0
0
0
0
0
0
0
0
0
0
0
0
0
0
0
0
0
0
0
0
0
0
0
0
0
0
0
0
0
0
0
0
0
0
0
0
0
0
0
0
0
0
0
0
0
0
0
0
0
0
0
0
0
0
0
0
0
0
0
0
0
0
0
0
0
0
0
0
0
0
0
0
0
0
0
0
0
0
0
0
0
0
0
0
0
0
0
0
0
0
0
0
0
0
0
0
0
0
0
0
0
0
0
0
0
0
0
0
0
0
0
0
0
0
0
0
0
0
0
0
0
0
0
0
0
0
0
0
0
0
0
0
0
0
2
0
3
2
1
0
3
0
7
0
4
7
6
6
9
1
8
3
4
8
1
0
1
1
0
1
2
2
0
0
3
0
0
3
3
0
1
2
3
1
2
5
5
2
5
5
6
8
11
18
16
29
33
19
32
29
30
35
33
45
41
87
53
16
27
36
24
56
20
9
12
268
337
2429
577
403
0
2
0
0
0
0
3
2
0
0
1
0
1
0
0
0
0
0
0
0
0
0
0
0
0
0
0
0
0
0
0
0
0
0
0
0
0
0
0
0
0
0
0
0
0
0
0
0
0
0
0
0
0
0
0
0
0
0
0
0
0
0
0
0
0
0
0
0
0
0
0
0
0
0
0
0
0
0