1024000
0
0
0
0
0
0
0
0
0
0
0
0
0
0
0
0
0
0
0
0
0
0
0
0
0
0
5
0
0
0
0
0
0
0
0
120
21
2
0
4
55
177
3
2
4
41
8
4
6
8
7
14
14
12
4
5
17
4
3
15
4
10
8
13
16
11
12
15
19
10
31
66
31
58
68
161
341
110
283
59
17
2
4
1
1
1
0
0
1
2
0
1
2
2
1
2
2
5
6
0
8
1
4
6
6
4
1
0
0
0
0
1
1
3
2
6
0
0
1
0
0
0
0
0
0
0
0
0
0
0
0
0
0
0
0
0
0
0
0
0
0
0
0
0
0
0
0
0
0
0
0
0
0
0
0
0
0
0
0
0
0
0
0
0
0
0
0
0
0
0
0
0
0
0
0
0
0
0
0
0
0
0
0
0
0
0
0
0
0
0
0
0
0
0
0
0
0
0
0
0
0
0
0
0
0
0
0
0
0
0
0
0
0
0
0
0
0
0
0
0
0
0
0
0
0
0
0
0
0
0
0
0
0
0
0
0
0
0
0
0
0
0
0
0
0
0
0
0
0
0
0
0
0
0
0
0
0
0
0
0
0
0
0
0
0
0
0
0
0
0
0
0
0
0
0
0
0
0
0
0
0
0
0
13
0
3
0
0
0
0
0
135
5
12
7
0
2
171
32
12
2
54
13
1
7
16
4
9
8
12
5
18
4
11
4
8
3
13
6
8
9
6
12
24
20
30
38
27
46
51
41
73
84
219
156
244
110
42
8
1
2
4
0
2
0
0
3
1
4
1
2
7
6
1
3
3
1
3
2
4
8
4
0
0
0
1
0
0
0
2
5
6
1
5
0
1
0
0
0
0
0
0
0
0
0
0
0
0
0
0
0
0
0
0
0
0
0
0
0
0
0
0
0
0
0
0
0
0
0
0
0
0
0
0
0
0
0
0
0
0
0
0
0
0
0
0
0
0
0
0
0
0
0
0
0
0
0
0
0
0
0
0
0
0
0
0
0
0
0
0
0
0
0
0
0
0
0
0
0
0
0
0
0
0
0
0
0
0
0
0
0
0
0
0
0
0
0
0
0
0
0
0
0
0
0
0
0
0
0
0
0
0
0
0
0
0
0
0
0
0
0
0
0
0
0
0
0
0
0
0
0
0