1024000
0
0
0
0
0
0
0
0
0
0
0
0
0
0
0
0
0
0
0
0
0
0
0
0
0
0
0
0
0
0
0
0
0
0
0
0
0
0
0
0
0
0
0
0
0
0
0
0
0
0
0
0
0
0
0
0
0
0
10
0
0
1
29
0
0
0
35
1
1
47
5
47
3
2
81
0
51
11
38
8
50
8
32
11
31
11
14
18
2
12
9
4
7
13
8
7
3
6
10
11
4
10
17
13
15
11
12
6
8
10
21
20
47
57
27
66
57
38
47
42
35
80
32
28
48
183
341
252
751
886
294
23
32
14
2
0
0
0
0
0
1
0
0
0
0
0
0
1
0
0
0
0
1
0
2
0
0
0
1
1
0
0
0
0
0
0
0
0
0
0
0
0
0
0
0
0
0
0
0
0
0
0
0
0
0
0
0
0
0
0
0
0
0
0
0
0
0
0
0
0
0
0
0
0
0
0
0
0
0
0
0
0
0
0
0
0
0
0
0
0
0
0
0
0
0
0
0
0
0
0
0
0
0
0
0
0
0
0
0
0
0
0
0
0
0
0
0
0
0
0
0
0
0
0
0
0
0
0
0
0
0
0
0
0
0
0
0
0
0
0
0
0
0
0
0
0
0
0
0
0
0
0
0
0
0
0
0
0
0
0
0
0
0
0
0
0
0
0
0
0
0
0
0
0
0
0
0
0
0
0
0
0
0
0
0
3
0
0
12
7
0
0
15
8
0
31
2
23
40
1
39
5
1
61
4
67
10
35
7
34
29
0
20
15
4
17
11
10
9
8
6
7
7
9
6
7
13
10
9
7
8
14
11
10
11
6
22
23
27
41
45
45
61
45
48
61
32
48
79
30
52
61
263
314
248
755
1023
459
32
25
3
7
4
0
0
0
0
0
0
0
0
0
0
0
0
0
0
1
0
0
0
0
0
1
0
1
0
0
0
0
0
0
0
0
0
0
0
0
0
0
0
0
0
0
0
0
0
0
0
0
0
0
0
0
0
0
0
0
0
0
0
0
0
0
0
0
0
0
0
0
0
0
0
0
0
0
0
0
0
0
0
0
0
0
0
0
0
0
0
0
0
0
0
0
0
0
0
0
0
0
0
0
0
0
0
0
0
0
0
0
0
0
0
0
0
0
0
0
0
0
0
0