1024000
0
0
0
0
0
0
0
0
0
0
0
0
0
0
0
0
0
0
0
0
0
0
0
0
0
0
0
0
0
0
0
0
0
0
0
0
0
0
0
0
0
0
0
0
0
0
0
0
0
0
0
0
0
0
0
0
0
0
0
0
0
0
0
1
0
0
0
1
0
0
0
4
0
5
5
1
33
1
0
48
1
60
4
49
1
37
2
34
27
20
17
4
51
5
28
39
28
4
23
17
12
11
10
9
16
10
5
7
5
4
2
6
4
4
3
6
8
3
5
9
7
11
16
23
30
28
33
23
41
36
42
32
39
44
36
80
52
24
65
469
280
506
1153
687
87
6
53
421
726
75
1
2
2
3
0
1
1
0
1
0
1
0
1
0
3
0
0
0
0
0
0
0
0
0
0
0
0
0
0
0
0
0
0
0
0
0
0
0
0
0
0
0
0
0
0
0
0
0
0
0
0
0
0
0
0
0
0
0
0
0
0
0
0
0
0
0
0
0
0
0
0
0
0
0
0
0
0
0
0
0
0
0
0
0
0
0
0
0
0
0
0
0
0
0
0
0
0
0
0
0
0
0
0
0
0
0
0
0
0
0
0
0
0
0
0
0
0
0
0
0
0
0
0
0
0
0
0
0
0
0
0
0
0
0
0
0
0
0
0
0
0
0
0
0
0
0
0
0
0
0
0
0
0
0
0
0
0
0
0
0
0
0
0
0
0
0
0
0
0
0
0
0
0
3
0
0
0
5
0
0
10
0
8
12
0
42
1
4
30
1
32
20
28
19
35
42
1
35
32
4
35
26
22
20
13
16
4
9
8
9
6
9
7
4
15
3
8
9
7
9
2
1
3
10
9
9
11
7
8
14
17
33
34
34
35
51
33
40
50
41
44
36
71
48
15
75
483
304
539
1536
802
47
10
75
761
569
45
0
0
0
1
0
0
1
0
0
0
1
0
2
1
0
1
0
0
0
0
0
0
0
0
0
0
0
0
0
0
0
0
0
0
0
0
0
0
0
0
0
0
0
0
0
0
0
0
0
0
0
0
0
0
0
0
0
0
0
0
0
0
0
0
0
0
0
0
0
0
0
0
0
0
0
0
0
0
0
0
0
0
0
0
0
0
0
0
0
0
0
0
0
0
0
0
0
0
0
0
0
0
0
0
0