1024000
0
0
0
0
0
0
0
0
0
0
0
0
0
0
0
0
0
0
0
0
0
0
0
0
0
0
0
0
0
0
0
2
0
1
0
0
0
0
0
0
31
3
8
0
1
58
53
0
8
58
49
6
1
31
18
9
27
4
6
14
6
8
3
3
11
1
9
3
8
2
11
5
11
8
4
11
8
21
16
23
21
20
30
44
46
45
32
97
42
116
678
546
471
285
25
6
3
5
2
6
6
3
4
12
8
6
7
2
3
9
19
7
3
0
0
0
3
5
2
1
1
3
5
1
5
7
6
0
0
1
0
0
0
0
0
0
0
0
0
0
0
0
0
0
0
0
0
0
0
0
0
0
0
0
0
0
0
0
0
0
0
0
0
0
0
0
0
0
0
0
0
0
0
0
0
0
0
0
0
0
0
0
0
0
0
0
0
0
0
0
0
0
0
0
0
0
0
0
0
0
0
0
0
0
0
0
0
0
0
0
0
0
0
0
0
0
0
0
0
0
0
0
0
0
0
0
0
0
0
0
0
0
0
0
0
0
0
0
0
0
0
0
0
0
0
0
0
0
0
0
0
0
0
0
0
0
0
0
0
0
0
0
0
0
0
0
0
0
0
0
0
0
0
0
0
0
0
0
0
0
0
0
0
0
0
0
0
0
0
0
0
0
0
0
0
0
47
1
0
1
2
0
89
22
6
3
92
4
2
1
62
2
24
4
1
14
4
7
5
6
7
4
8
8
7
1
10
9
5
11
3
18
4
7
28
38
23
33
25
35
58
50
42
57
59
126
161
207
426
559
125
32
15
6
4
2
5
4
6
4
2
12
12
2
8
9
8
4
14
3
1
0
2
1
0
1
0
1
0
2
4
11
12
3
1
0
0
0
0
0
0
0
0
0
0
0
0
0
0
0
0
0
0
0
0
0
0
0
0
0
0
0
0
0
0
0
0
0
0
0
0
0
0
0
0
0
0
0
0
0
0
0
0
0
0
0
0
0
0
0
0
0
0
0
0
0
0
0
0
0
0
0
0
0
0
0
0
0
0
0
0
0
0
0
0
0
0
0
0
0
0
0
0
0
0
0
0
0
0
0
0
0
0
0
0
0
0
0
0
0
0
0
0
0
0
0
0
0
0
0
0
0
0
0
0
0
0
0
0
0
0
0