1024000
0
0
0
0
0
0
0
0
0
0
0
0
0
0
0
0
0
0
0
0
0
0
0
0
0
0
0
0
0
0
0
0
0
0
0
0
1
0
0
1
12
0
1
1
9
0
2
4
14
5
1
11
1
12
0
2
2
3
0
1
0
2
2
0
1
4
0
2
0
0
2
0
0
0
2
2
0
0
3
1
1
0
6
45
59
277
200
139
91
70
32
42
53
37
22
46
37
29
60
30
16
17
14
16
19
6
7
9
8
4
9
12
12
10
19
17
7
8
11
10
5
3
8
14
22
16
14
20
31
5
2
5
22
38
41
5
62
32
23
4
2
28
27
22
2
2
3
17
20
8
0
1
4
8
8
0
0
0
0
1
2
1
0
0
0
0
0
0
0
0
0
0
0
0
0
0
0
0
0
0
0
0
0
0
0
0
0
0
0
0
0
0
0
0
0
0
0
0
0
0
0
0
0
0
0
0
0
0
0
0
0
0
0
0
0
0
0
0
0
0
0
0
0
0
0
0
0
0
0
0
0
0
0
0
0
0
0
0
0
0
0
0
0
0
0
0
0
0
0
0
0
0
0
0
0
0
