1024000
0
0
0
0
0
0
0
0
0
0
0
0
0
0
0
0
0
0
0
0
0
0
0
0
0
0
0
0
0
0
0
0
0
0
0
0
0
0
0
0
0
0
0
0
0
0
0
0
0
0
0
0
0
0
0
0
0
0
0
0
0
0
0
0
0
0
0
0
0
0
0
0
0
0
0
0
0
0
0
0
0
0
0
0
0
0
0
0
0
0
0
0
0
0
0
0
0
0
0
0
0
0
0
0
0
0
0
0
0
0
0
0
0
0
0
0
0
0
0
0
0
0
0
0
0
0
0
0
0
0
0
0
0
0
0
0
0
0
0
0
0
0
0
0
0
0
0
0
0
0
0
0
0
0
0
0
0
0
0
0
0
0
2
1
1
2
2
1
0
0
0
0
0
0
20
952
2393
1376
612
64
16
9
12
15
21
39
19
42
908
117
73
62
34
23
18
19
18
8
5
7
3
8
7
4
6
1
1
9
3
4
5
2
2
3
0
1
7
0
1
0
0
0
0
0
0
0
0
0
0
0
0
0
2
0
0
2
23
2
0
1
0
0
0
0
0
0
0
0
0
0
0
0
0
0
0
0
