1024000
0
0
0
0
0
0
0
0
0
0
0
0
0
0
0
0
0
0
0
0
0
0
0
0
0
0
0
0
0
0
0
0
0
0
0
0
0
0
0
0
0
0
0
0
0
0
0
0
0
0
0
0
0
0
0
0
0
0
0
0
0
0
0
0
0
0
0
0
0
0
0
0
0
0
1
5
6
6
2
3
1
0
1
1
0
0
2
3
0
1
0
0
1
0
2
0
1
7
6
8
7
3
7
8
5
6
3
4
11
4
33
13
169
93
59
161
192
82
40
96
82
39
42
54
32
54
66
45
41
33
59
33
51
29
11
9
10
8
6
6
6
1
4
2
2
5
5
7
5
6
2
4
7
3
5
2
3
9
4
5
16
18
14
8
0
15
16
9
12
6
9
6
4
0
4
2
0
1
1
1
0
0
2
0
1
0
2
1
1
0
0
1
0
0
0
0
1
0
0
0
0
0
1
0
0
0
0
0
0
0
0
0
0
0
0
0
0
0
0
0
0
0
1
0
0
0
0
0
0
0
0
0
0
0
0
0
0
0
0
0
0
0
0
0
0
0
0
0
0
0
0
0
0
0
0
0
