1024000
0
0
0
0
0
0
0
0
0
0
0
0
0
0
0
0
0
0
0
0
0
0
0
0
0
0
0
0
0
0
0
0
0
0
0
0
0
0
0
0
0
0
0
0
0
0
0
0
0
0
0
0
0
0
0
0
0
0
0
0
0
0
0
0
0
0
0
0
0
0
0
0
0
0
0
0
0
0
0
0
0
0
1
0
0
1
2
7
4
2
5
4
1
0
3
0
0
1
0
3
1
0
1
1
0
0
0
1
3
1
1
0
0
6
5
10
7
9
9
7
586
429
282
140
114
133
48
52
49
35
35
34
49
35
26
47
35
36
44
34
30
17
13
8
10
13
5
5
6
2
5
2
0
2
3
3
3
1
1
2
2
7
1
3
2
2
4
3
1
1
1
5
8
4
0
1
3
6
3
0
1
3
2
0
0
8
4
5
24
105
9
1
0
0
0
0
0
0
0
0
0
0
0
0
0
0
0
0
0
0
0
0
0
0
1
1
0
0
1
0
0
0
0
0
0
0
0
0
0
0
0
0
0
0
0
0
0
0
0
0
0
0
0
0
0
0
0
0
0
0
0
0
0
0
0
0
