1024000
0
0
0
0
0
0
0
0
0
0
0
0
0
0
0
0
0
0
0
0
0
0
0
0
0
0
0
0
0
0
0
2
0
0
0
0
0
0
0
21
15
3
1
0
1
77
15
7
4
59
8
0
17
40
4
20
6
12
20
6
5
13
4
7
17
1
3
17
4
8
5
3
12
11
5
11
14
23
34
31
10
38
86
51
37
48
91
94
696
328
451
74
10
2
6
3
2
10
2
6
2
4
5
4
4
2
7
4
15
14
8
3
0
0
0
0
0
0
0
1
0
8
6
34
4
4
0
0
0
0
0
0
0
0
0
0
0
0
0
0
0
0
0
0
0
0
0
0
0
0
0
0
0
0
0
0
0
0
0
0
0
0
0
0
0
0
0
0
0
0
0
0
0
0
0
0
0
0
0
0
0
0
0
0
0
0
0
0
0
0
0
0
0
0
0
0
0
0
0
0
0
0
0
0
0
0
0
0
0
0
0
0
0
0
0
0
0
0
0
0
0
0
0
0
0
0
0
0
0
0
0
0
0
0
0
0
0
0
0
0
0
0
0
0
0
0
0
0
0
0
0
0
0
0
0
0
0
0
0
0
0
0
0
0
0
0
0
0
0
0
0
0
0
0
0
0
0
0
0
0
0
0
0
0
0
0
0
0
0
0
0
0
0
0
0
43
1
10
0
0
0
95
28
24
2
102
16
5
0
55
11
8
29
7
9
8
3
9
3
9
2
11
14
6
12
10
11
6
15
8
8
13
19
24
31
16
21
16
43
85
50
35
70
93
184
109
337
36
22
6
6
3
4
0
3
4
4
5
5
4
15
6
1
3
6
12
5
0
1
1
0
1
1
2
0
1
0
4
2
13
2
9
4
0
0
0
0
0
0
0
0
0
0
0
0
0
0
0
0
0
0
0
0
0
0
0
0
0
0
0
0
0
0
0
0
0
0
0
0
0
0
0
0
0
0
0
0
0
0
0
0
0
0
0
0
0
0
0
0
0
0
0
0
0
0
0
0
0
0
0
0
0
0
0
0
0
0
0
0
0
0
0
0
0
0
0
0
0
0
0
0
0
0
0
0
0
0
0
0
0
0
0
0
0
0
0
0
0
0
0
0
0
0
0
0
0
0
0
0
0
0
0
0
0
0
0
0
0
0
0
0
0