1024000
0
0
0
0
0
0
0
0
0
0
0
0
0
0
0
0
0
0
0
0
0
0
0
0
0
0
0
0
0
0
0
0
0
0
0
0
0
0
0
0
0
0
0
0
0
0
0
0
0
0
0
0
0
0
0
0
0
0
0
0
0
0
0
0
0
0
0
0
0
0
0
0
0
0
0
0
0
0
4
1
0
2
0
0
2
0
8
0
4
1
7
0
10
5
6
19
1
17
7
10
23
17
11
4
35
33
16
8
19
26
9
18
6
8
11
5
5
1
6
2
4
2
1
3
3
2
5
4
6
4
3
7
5
6
2
5
21
16
25
25
28
30
36
45
28
31
42
31
42
47
25
24
36
202
153
75
38
32
22
59
374
845
911
109
1
0
0
0
0
1
0
0
2
0
0
2
0
2
0
0
0
0
0
0
0
0
0
0
0
0
0
0
0
0
0
0
0
0
0
0
0
0
0
0
0
0
0
0
0
0
0
0
0
0
0
0
0
0
0
0
0
0
0
0
0
0
0
0
0
0
0
0
0
0
0
0
0
0
0
0
0
0
0
0
0
0
0
0
0
0
0
0
0
0
0
0
0
0
0
0
0
0
0
0
0
0
0
0
0
0
0
0
0
0
0
0
0
0
0
0
0
0
0
0
0
0
0
0
0
0
0
0
0
0
0
0
0
0
0
0
0
0
0
0
0
0
0
0
0
0
0
0
0
0
0
0
0
0
0
0
0
0
0
0
0
0
0
0
0
0
0
0
4
0
0
1
0
3
0
0
2
0
0
5
1
2
1
1
5
3
11
0
16
3
0
17
13
6
19
19
19
24
2
47
25
28
16
21
3
14
4
2
9
4
6
4
4
1
8
2
3
3
3
4
4
4
6
3
7
10
3
9
10
10
29
23
36
32
37
33
39
27
42
34
29
41
66
27
24
43
152
143
31
24
48
9
105
614
896
747
99
0
0
0
0
1
0
0
3
0
0
1
0
0
0
0
0
0
0
0
0
0
0
0
0
0
0
0
0
0
0
0
0
0
0
0
0
0
0
0
0
0
0
0
0
0
0
0
0
0
0
0
0
0
0
0
0
0
0
0
0
0
0
0
0
0
0
0
0
0
0
0
0
0
0
0
0
0
0
0
0
0
0
0
0
0
0
0
0
0
0
0