1024000
0
0
0
0
0
0
0
0
0
0
0
0
0
0
0
0
0
0
0
0
0
0
0
8
0
6
0
0
1
1
0
223
10
11
1
0
3
71
29
8
8
22
19
6
5
9
7
3
14
6
10
19
4
3
10
15
7
2
18
37
23
67
51
67
65
82
105
200
242
115
10
1
2
1
0
1
1
1
1
0
3
0
0
3
2
3
0
1
1
1
0
1
1
17
11
1
8
2
8
0
0
0
2
0
1
0
18
1
2
0
0
0
0
0
0
0
0
0
0
0
0
0
0
0
0
0
0
0
0
0
0
0
0
0
0
0
0
0
0
0
0
0
0
0
0
0
0
0
0
0
0
0
0
0
0
0
0
0
0
0
0
0
0
0
0
0
0
0
0
0
0
0
0
0
0
0
0
0
0
0
0
0
0
0
0
0
0
0
0
0
0
0
0
0
0
0
0
0
0
0
0
0
0
0
0
0
0
0
0
0
0
0
0
0
0
0
0
0
0
0
0
0
0
0
0
0
0
0
0
0
0
0
0
0
0
0
0
0
0
0
0
0
0
0
0
0
0
0
0
0
0
0
0
0
0
0
0
0
0
0
0
0
0
0
0
0
0
0
0
0
0
0
0
0
0
0
0
0
0
20
11
0
0
1
1
0
1
0
188
2
0
4
0
76
67
6
3
18
22
11
4
5
13
13
19
8
13
18
2
13
5
3
8
11
16
9
36
24
66
28
55
130
191
165
279
92
32
21
4
2
2
3
0
0
0
0
0
1
0
0
1
2
2
2
1
2
1
3
4
0
4
4
6
3
0
5
6
2
0
0
0
0
5
1
3
1
1
0
0
0
0
0
0
0
0
0
0
0
0
0
0
0
0
0
0
0
0
0
0
0
0
0
0
0
0
0
0
0
0
0
0
0
0
0
0
0
0
0
0
0
0
0
0
0
0
0
0
0
0
0
0
0
0
0
0
0
0
0
0
0
0
0
0
0
0
0
0
0
0
0
0
0
0
0
0
0
0
0
0
0
0
0
0
0
0
0
0
0
0
0
0
0
0
0
0
0
0
0
0
0
0
0
0
0
0
0
0
0
0
0
0
0
0
0
0
0
0
0
0
0
0
0
0
0
0
0
0
0
0
0
0
0
0
0
0
0
0
0
0
0
0
0