1024000
0
0
0
0
0
0
0
0
0
0
0
0
0
0
0
0
0
0
0
0
0
0
0
0
0
0
0
0
0
0
0
0
0
0
0
0
0
0
0
0
0
0
0
0
0
0
0
0
0
0
0
0
0
0
0
0
0
0
0
0
0
0
0
0
0
0
0
0
0
0
0
0
0
0
0
0
0
0
0
0
0
0
0
0
0
0
0
0
0
0
0
0
0
0
0
0
0
0
0
0
0
0
2
1
1
0
1
1
2
1
1
2
1
3
4
4
4
2
4
3
4
5
0
4
0
2
6
2
0
1
1
0
2
0
1
1
0
0
1
3
3
0
3
4
1
2
3
7
1
3
5
4
8
5
11
9
17
21
33
19
29
33
20
21
29
60
36
35
192
75
16
30
36
30
37
10
4
211
426
1284
2555
978
20
0
0
0
0
0
1
0
0
1
1
0
0
0
0
0
0
0
0
0
0
0
0
0
0
0
0
0
0
0
0
0
0
0
0
0
0
0
0
0
0
0
0
0
0
0
0
0
0
0
0
0
0
0
0
0
0
0
0
0
0
0
0
0
0
0
0
0
0
0
0
0
0
0
0
0
0
0
0
0
0
0
0
0
0
0
0
0
0
0
0
0
0
0
0
0
0
0
0
0
0
0
0
0
0
0
0
0
0
0
0
0
0
0
0
0
0
0
0
0
0
0
0
0
0
0
0
0
0
0
0
0
0
0
0
0
0
0
0
0
0
0
0
0
0
0
0
0
0
0
0
0
0
0
0
0
0
0
0
0
0
0
0
0
0
0
0
0
0
0
0
0
1
0
0
0
0
0
2
0
2
0
0
2
1
1
2
0
1
2
4
5
7
1
10
1
7
6
1
5
0
2
0
2
0
0
2
1
0
1
1
0
1
0
2
2
3
1
1
3
3
1
3
9
1
0
6
8
8
9
17
20
20
25
26
34
33
21
24
29
43
44
52
267
56
15
38
21
12
14
12
1
47
544
1530
2489
952
30
0
0
0
0
0
1
0
0
0
0
0
0
0
0
0
0
0
0
0
0
0
0
0
0
0
0
0
0
0
0
0
0
0
0
0
0
0
0
0
0
0
0
0
0
0
0
0
0
0
0
0
0
0
0
0
0
0
0
0
0
0
0
0
0
0
0
0
0
0
0
0
0