1024000
0
0
0
0
0
0
0
0
0
0
0
0
0
0
0
0
0
0
0
0
0
0
0
0
0
0
0
0
0
0
0
0
0
0
0
0
0
0
0
0
0
0
0
0
0
0
0
3
2
0
0
0
0
24
2
0
0
47
1
2
1
75
11
2
103
3
38
2
5
50
5
27
24
29
21
21
16
13
1
6
7
11
16
5
18
11
12
10
16
5
5
5
4
12
15
12
24
97
117
40
55
40
59
38
34
53
40
31
81
34
61
156
152
70
38
169
74
2
0
10
6
13
7
4
0
3
1
3
2
1
0
1
0
0
0
0
0
1
0
0
0
3
2
1
18
18
25
8
1
0
0
0
0
0
0
0
0
0
0
0
0
0
0
0
0
0
0
0
0
0
0
0
0
0
0
0
0
0
0
0
0
0
0
0
0
0
0
0
0
0
0
0
0
0
0
0
0
0
0
0
0
0
0
0
0
0
0
0
0
0
0
0
0
0
0
0
0
0
0
0
0
0
0
0
0
0
0
0
0
0
0
0
0
0
0
0
0
0
0
0
0
0
0
0
0
0
0
0
0
0
0
0
0
0
0
0
0
0
0
0
0
0
0
0
0
0
0
0
0
0
0
0
0
0
0
0
0
0
0
0
0
0
0
0
0
0
0
0
0
0
0
0
0
0
0
0
0
0
0
0
0
0
0
0
11
0
0
0
1
0
13
0
1
17
34
3
1
44
46
2
83
4
9
55
7
61
2
3
27
4
24
1
21
4
17
10
2
13
11
5
9
17
10
14
14
7
14
15
8
7
5
11
15
25
31
46
71
34
58
42
36
21
36
52
64
49
57
85
120
124
42
93
137
92
14
2
9
3
5
4
6
2
1
0
0
0
0
0
0
0
1
0
0
1
0
0
1
0
0
3
5
14
29
9
0
0
0
0
0
0
0
0
0
0
0
0
0
0
0
0
0
0
0
0
0
0
0
0
0
0
0
0
0
0
0
0
0
0
0
0
0
0
0
0
0
0
0
0
0
0
0
0
0
0
0
0
0
0
0
0
0
0
0
0
0
0
0
0
0
0
0
0
0
0
0
0
0
0
0
0
0
0
0
0
0
0
0
0
0
0
0
0
0
0
0
0
0
0
0
0
0
0
0
0
0
0
0
0
0
0
0
0