1024000
0
0
0
0
0
0
0
0
0
0
0
0
0
0
0
0
0
0
0
0
0
0
0
6
19
4
1
1
1
0
1
0
65
31
0
0
0
5
114
16
5
2
22
1
1
1
10
0
10
9
3
17
6
8
15
4
25
5
25
12
15
36
45
34
48
34
63
84
108
527
225
36
11
1
1
1
0
1
0
0
0
1
5
1
1
6
0
0
2
4
1
3
9
2
9
10
2
2
10
0
6
5
0
0
0
0
3
7
4
4
10
0
0
0
0
0
0
0
0
0
0
0
0
0
0
0
0
0
0
0
0
0
0
0
0
0
0
0
0
0
0
0
0
0
0
0
0
0
0
0
0
0
0
0
0
0
0
0
0
0
0
0
0
0
0
0
0
0
0
0
0
0
0
0
0
0
0
0
0
0
0
0
0
0
0
0
0
0
0
0
0
0
0
0
0
0
0
0
0
0
0
0
0
0
0
0
0
0
0
0
0
0
0
0
0
0
0
0
0
0
0
0
0
0
0
0
0
0
0
0
0
0
0
0
0
0
0
0
0
0
0
0
0
0
0
0
0
0
0
0
0
0
0
0
0
0
0
0
0
0
0
0
0
0
0
0
0
0
0
0
0
0
0
0
0
0
0
0
0
0
17
4
0
0
1
0
0
0
205
0
3
5
2
0
54
20
5
0
26
17
6
2
9
24
13
8
9
11
4
2
21
9
19
12
13
7
19
9
32
42
51
42
62
43
73
264
262
171
118
32
2
1
0
2
1
1
0
0
0
1
2
0
0
4
2
0
2
1
2
4
1
8
3
2
3
2
0
0
1
0
1
1
2
6
0
4
2
0
0
0
0
0
0
0
0
0
0
0
0
0
0
0
0
0
0
0
0
0
0
0
0
0
0
0
0
0
0
0
0
0
0
0
0
0
0
0
0
0
0
0
0
0
0
0
0
0
0
0
0
0
0
0
0
0
0
0
0
0
0
0
0
0
0
0
0
0
0
0
0
0
0
0
0
0
0
0
0
0
0
0
0
0
0
0
0
0
0
0
0
0
0
0
0
0
0
0
0
0
0
0
0
0
0
0
0
0
0
0
0
0
0
0
0
0
0
0
0
0
0
0
0
0
0
0
0
0
0
0
0
0
0
0
0
0
0
0
0
0
0
0
0
0