1024000
0
0
0
0
0
0
0
0
0
0
0
0
0
0
0
0
0
0
55
5
1
0
10
0
1
1
73
0
9
0
36
4
18
4
20
18
13
0
5
9
21
6
8
5
12
32
12
33
71
98
76
225
8
139
9
65
9
4
5
0
1
0
0
0
0
0
0
1
0
0
0
1
1
0
0
0
0
0
0
1
1
0
0
5
1
6
1
12
12
5
2
1
5
0
1
0
0
0
0
0
0
0
0
0
0
0
0
0
0
0
0
0
0
0
0
0
0
0
0
0
0
0
0
0
0
0
0
0
0
0
0
0
0
0
0
0
0
0
0
0
0
0
0
0
0
0
0
0
0
0
0
0
0
0
0
0
0
0
0
0
0
0
0
0
0
0
0
0
0
0
0
0
0
0
0
0
0
0
0
0
0
0
0
0
0
0
0
0
0
0
0
0
0
0
0
0
0
0
0
0
0
0
0
0
0
0
0
0
0
0
0
0
0
0
0
0
0
0
0
0
0
0
0
0
0
0
0
0
0
0
0
0
0
0
0
0
0
0
0
0
0
0
0
0
0
0
0
0
0
0
0
0
0
0
0
0
0
0
0
0
0
0
0
0
0
0
0
0
0
0
0
0
0
0
5
0
30
0
0
0
7
0
0
32
62
6
0
0
13
28
15
1
2
18
14
2
11
3
6
41
5
7
18
24
34
30
116
103
96
244
320
204
19
76
7
3
5
0
1
0
0
0
0
0
1
0
0
0
0
0
0
0
1
3
1
1
0
0
2
0
4
3
12
5
0
3
3
0
0
2
0
1
0
0
0
0
0
0
0
0
0
0
0
0
0
0
0
0
0
0
0
0
0
0
0
0
0
0
0
0
0
0
0
0
0
0
0
0
0
0
0
0
0
0
0
0
0
0
0
0
0
0
0
0
0
0
0
0
0
0
0
0
0
0
0
0
0
0
0
0
0
0
0
0
0
0
0
0
0
0
0
0
0
0
0
0
0
0
0
0
0
0
0
0
0
0
0
0
0
0
0
0
0
0
0
0
0
0
0
0
0
0
0
0
0
0
0
0
0
0
0
0
0
0
0
0
0
0
0
0
0
0
0
0
0
0
0
0
0
0
0
0
0
0
0
0
0
0
0
0
0
0
0
0
0
0
0
0
0
0
0
0