1024000
0
0
0
0
0
0
0
0
0
0
0
0
0
0
0
0
0
0
0
0
0
0
0
0
0
0
0
0
0
0
0
0
0
0
0
0
0
0
0
0
0
0
0
0
0
0
0
0
0
0
0
0
0
0
0
0
0
0
0
0
0
0
0
0
0
0
0
0
0
0
0
0
0
0
0
0
0
0
0
0
0
2
0
0
0
1
0
11
2
0
0
37
2
0
27
44
10
47
2
1
82
2
58
14
6
52
2
40
2
39
2
20
13
6
9
11
5
10
7
3
12
17
7
8
10
12
9
4
15
8
17
10
32
23
24
39
39
57
43
38
45
39
47
44
76
54
74
192
160
102
180
199
15
20
7
9
7
17
3
0
0
0
0
0
0
0
1
0
2
1
0
1
1
0
0
0
0
0
2
3
7
10
4
0
0
0
0
0
0
0
0
0
0
0
0
0
0
0
0
0
0
0
0
0
0
0
0
0
0
0
0
0
0
0
0
0
0
0
0
0
0
0
0
0
0
0
0
0
0
0
0
0
0
0
0
0
0
0
0
0
0
0
0
0
0
0
0
0
0
0
0
0
0
0
0
0
0
0
0
0
0
0
0
0
0
0
0
0
0
0
0
0
0
0
0
0
0
0
0
0
0
0
0
0
0
0
0
0