1024000
0
4
0
3
6
3
7
4
6
3
7
12
7
0
0
1
0
1
1
0
0
3
1
3
10
10
5
1
0
0
0
0
0
0
0
0
0
0
0
0
0
0
0
0
0
0
0
0
0
0
0
0
0
0
0
0
0
0
0
0
0
0
0
0
0
0
0
0
0
0
0
0
0
0
0
0
0
0
0
0
0
0
0
0
0
0
0
0
0
0
0
0
0
0
0
0
0
0
0
0
0
0
0
0
0
0
0
0
0
0
0
0
0
0
0
0
0
0
0
0
0
0
0
0
0
0
0
0
0
0
0
0
0
0
0
0
0
0
0
0
0
0
0
0
0
0
0
0
0
0
0
0
0
0
0
0
0
0
0
0
0
0
0
0
0
0
0
0
0
0
0
0
0
0
0
0
0
0
0
0
0
0
0
0
0
0
0
0
0
0
1
0
0
0
0
0
0
0
56
9
4
1
0
0
143
8
13
3
62
10
1
3
35
5
16
5
8
8
5
8
10
3
12
4
11
2
12
3
10
6
18
15
20
5
22
18
24
17
39
62
39
46
45
33
94
181
277
119
178
9
2
3
2
1
2
1
9
2
2
2
5
0
3
8
4
4
4
17
5
4
1
1
0
0
0
0
1
1
1
5
1
3
2
7
1
0
0
0