1024000
0
0
0
0
0
0
0
0
0
0
0
0
0
0
0
0
0
0
0
0
0
0
0
0
0
0
0
0
0
0
0
0
0
0
0
0
0
0
0
0
0
0
0
0
0
0
0
0
0
0
0
0
0
0
0
0
0
0
0
0
0
0
0
0
0
0
0
0
0
0
0
0
0
0
0
0
0
0
0
0
0
0
0
0
0
0
0
0
0
0
0
0
0
0
0
0
0
0
0
0
0
0
0
0
0
0
0
0
0
0
1
0
1
1
33
2
0
19
1
1
0
0
2
0
4
2
1
5
0
11
1
0
3
0
7
0
10
0
1
1
3
1
1
1
0
1
1
2
2
3
0
3
0
1
2
3
3
2
2
3
1
4
8
13
5
7
12
9
22
11
18
20
15
25
34
37
42
40
55
95
717
60
19
33
26
16
14
5
38
198
1316
2255
419
2
0
0
0
3
2
0
0
0
0
0
0
0
0
0
0
0
0
0
0
0
0
0
0
0
0
0
0
0
0
0
0
0
0
0
0
0
0
0
0
0
0
0
0
0
0
0
0
0
0
0
0
0
0
0
0
0
0
0
0
0
0
0
0
0
0
0
0
0
0
0
0
0
0
0
0
0
0
0
0
0
0
0
0
0
0
0
0
0
0
0
0
0
0
0
0
0
0
0
0
0
0
0
0
0
0
0
0
0
0
0
0
0
0
0
0
0
0
0
0
0
0
0
0
0
0
0
0
0
0
0
0
0
0
0
0
0
0
0
0
0
0
0
0
0
0
0
0
0
0
0
0
0
0
0
0
0
0
0
0
0
0
0
0
0
0
0
0
0
0
0
0
0
0
0
0
0
5
1
44
1
0
11
0
0
7
0
5
0
5
2
0
5
5
0
4
5
3
1
2
7
9
1
1
5
1
5
0
1
2
2
1
1
2
2
2
1
2
2
1
5
0
3
3
0
5
9
8
7
7
10
17
9
16
16
12
18
24
17
28
27
64
80
83
888
42
32
35
20
17
13
17
50
234
514
1815
228
0
0
0
0
2
0
0
1
0
0
0
0
0
0
0
0
0
0
0
0
0
0
0
0
0
0
0
0
0
0
0
0
0
0
0
0
0
0
0
0
0
0
0
0
0
0
0
0
0
0
0
0
0
0
0
0
0
0
0
0
0
0