1024000
0
0
0
0
0
0
0
0
0
0
0
0
0
0
0
0
0
0
0
0
0
0
0
0
0
0
0
0
0
0
0
0
0
0
0
0
0
0
0
0
0
0
0
0
0
0
0
0
0
0
0
0
0
0
0
0
0
0
0
0
0
0
0
0
0
0
0
0
0
0
0
0
0
2
0
0
0
4
1
0
1
0
2
0
0
0
0
0
2
3
2
0
4
1
2
13
0
9
8
0
11
17
8
11
16
12
8
9
18
11
18
21
14
6
24
4
6
8
3
2
4
2
1
3
1
0
3
2
3
3
3
5
0
1
5
6
8
7
15
12
24
32
34
20
32
33
40
38
32
42
41
28
33
60
19
15
27
101
113
37
12
4
8
190
1080
1227
809
239
0
0
0
0
0
0
0
0
0
0
0
0
0
0
0
0
0
0
0
0
0
0
0
0
0
0
0
0
0
0
0
0
0
0
0
0
0
0
0
0
0
0
0
0
0
0
0
0
0
0
0
0
0
0
0
0
0
0
0
0
0
0
0
0
0
0
0
0
0
0
0
0
0
0
0
0
0
0
0
0
0
0
0
0
0
0
0
0
0
0
0
0
0
0
0
0
0
0
0
0
0
0
0
0
0
0
0
0
0
0
0
0
0
0
0
0
0
0
0
0
0
0
0
0
0
0
0
0
0
0
0
0
0
0
0
0
0
0
0
0
0
0
0
0
0
0
0
0
0
0
0
0
0
0
0
0
0
1
0
0
0
0
0
0
0
0
0
0
2
0
0
1
0
2
1
0
0
0
2
0
5
1
4
6
0
7
3
3
5
2
6
9
14
13
6
22
14
16
5
27
1
14
13
5
10
10
6
8
4
5
0
3
2
2
1
1
3
1
1
5
3
3
6
5
7
4
7
10
18
27
38
17
32
25
27
28
44
41
42
30
34
29
45
28
13
33
85
109
36
15
6
21
411
1504
1560
703
141
0
0
0
0
0
0
0
1
1
2
0
0
0
0
0
0
0
0
0
0
0
0
0
0
0
0
0
0
0
0
0
0
0
0
0
0
0
0
0
0
0
0
0
0
0
0
0
0
0
0
0
0
0
0
0
0
0
0
0
0
0
0
0
0
0
0
0
0
0
0
0
0
0
0
0
0
0
0
0
0
0
0
0
0
0
0
0