1024000
0
0
0
0
0
0
0
0
0
0
0
0
0
0
0
0
0
0
0
0
0
0
0
0
0
0
0
0
0
0
0
0
0
0
0
0
0
0
0
0
0
2
0
0
0
0
0
0
0
1
3
0
0
0
0
3
4
1
0
50
6
2
0
41
2
2
68
3
36
8
2
89
9
10
49
25
36
25
24
17
15
24
5
17
11
0
11
14
6
8
14
10
10
3
11
4
14
11
12
8
10
13
11
35
43
37
48
53
36
49
46
44
54
66
44
40
73
139
207
83
312
203
437
6
9
14
3
5
0
1
0
0
0
2
0
0
0
0
0
0
0
0
0
0
0
0
0
0
2
0
1
13
5
0
2
0
0
0
0
0
0
0
0
0
0
0
0
0
0
0
0
0
0
0
0
0
0
0
0
0
0
0
0
0
0
0
0
0
0
0
0
0
0
0
0
0
0
0
0
0
0
0
0
0
0
0
0
0
0
0
0
0
0
0
0
0
0
0
0
0
0
0
0
0
0
0
0
0
0
0
0
0
0
0
0
0
0
0
0
0
0
0
0
0
0
0
0
0
0
0
0
0
0
0
0
0
0
0
0
0
0
0
0
0
0
0
0
0
0
0
0
0
0
0
0
0
0
0
0
0
0
0
0
0
0
0
0
0
0
0
0
0
0
0
0
0
0
0
0
0
0
0
0
0
0
0
1
0
0
0
0
0
7
0
0
0
30
0
0
27
45
0
43
5
3
84
7
49
9
6
81
6
36
1
38
2
17
20
5
9
10
5
10
1
15
22
9
7
12
13
9
5
7
11
8
11
4
3
4
12
32
28
51
49
44
42
38
38
60
59
65
96
43
23
147
210
88
240
455
492
7
4
9
25
17
0
0
1
0
0
0
0
0
0
0
0
0
0
0
0
1
0
1
0
1
1
0
2
9
3
1
0
0
0
0
0
0
0
0
0
0
0
0
0
0
0
0
0
0
0
0
0
0
0
0
0
0
0
0
0
0
0
0
0
0
0
0
0
0
0
0
0
0
0
0
0
0
0
0
0
0
0
0
0
0
0
0
0
0
0
0
0
0
0
0
0
0
0
0
0
0
0
0
0
0
0
0
0
0
0
0
0
0
0
0
0
0
0
0
0
0
0
0
0
0
0
0
0
0
0
0
0