1024000
0
0
0
0
0
0
0
0
0
0
0
0
0
0
0
0
0
0
0
0
0
0
0
0
0
0
0
0
0
0
2
0
0
0
0
0
0
0
50
0
3
3
0
0
112
21
19
5
98
10
0
3
27
10
6
16
11
10
8
4
10
5
9
5
27
6
20
10
4
8
10
9
4
17
12
17
33
26
26
31
61
102
71
38
88
154
200
184
291
71
10
4
5
2
5
4
0
9
4
2
6
11
4
3
2
1
6
14
9
2
3
1
1
0
0
2
1
1
0
4
17
9
15
22
2
0
0
0
0
0
0
0
0
0
0
0
0
0
0
0
0
0
0
0
0
0
0
0
0
0
0
0
0
0
0
0
0
0
0
0
0
0
0
0
0
0
0
0
0
0
0
0
0
0
0
0
0
0
0
0
0
0
0
0
0
0
0
0
0
0
0
0
0
0
0
0
0
0
0
0
0
0
0
0
0
0
0
0
0
0
0
0
0
0
0
0
0
0
0
0
0
0
0
0
0
0
0
0
0
0
0
0
0
0
0
0
0
0
0
0
0
0
0
0
0
0
0
0
0
0
0
0
0
0
0
0
0
0
0
0
0
0
0
0
0
0
0
0
0
0
0
0
0
0
0
0
0
0
0
0
0
0
0
0
0
0
2
0
1
0
1
0
0
0
0
42
0
6
1
0
36
110
1
3
41
40
10
1
36
9
4
27
7
18
7
2
14
3
3
12
5
13
8
15
2
18
9
8
7
20
13
18
18
22
19
34
42
43
84
36
52
102
139
583
278
50
18
5
3
1
9
2
9
2
2
8
4
6
5
6
4
6
6
6
6
5
0
5
1
2
0
3
0
0
0
2
1
4
11
4
7
1
0
0
0
0
0
0
0
0
0
0
0
0
0
0
0
0
0
0
0
0
0
0
0
0
0
0
0
0
0
0
0
0
0
0
0
0
0
0
0
0
0
0
0
0
0
0
0
0
0
0
0
0
0
0
0
0
0
0
0
0
0
0
0
0
0
0
0
0
0
0
0
0
0
0
0
0
0
0
0
0
0
0
0
0
0
0
0
0
0
0
0
0
0
0
0
0
0
0
0
0
0
0
0
0
0
0
0
0
0
0
0
0
0
0
0
0
0
0
0
0
0
0
0
0
0
0
0
0
0
0