1024000
0
0
0
0
0
0
0
0
0
0
0
0
0
0
5
3
0
0
0
0
20
3
1
0
32
3
1
2
75
1
17
81
0
72
5
1
39
7
29
16
28
11
15
2
7
6
8
3
1
3
5
8
18
10
4
13
10
5
11
15
19
30
80
76
78
65
69
69
55
38
34
51
39
70
63
50
144
184
90
135
120
33
33
4
10
10
20
15
15
3
1
1
1
3
1
1
1
1
0
1
0
0
1
0
1
1
0
0
2
2
7
12
11
1
1
0
0
0
0
0
0
0
0
0
0
0
0
0
0
0
0
0
0
0
0
0
0
0
0
0
0
0
0
0
0
0
0
0
0
0
0
0
0
0
0
0
0
0
0
0
0
0
0
0
0
0
0
0
0
0
0
0
0
0
0
0
0
0
0
0
0
0
0
0
0
0
0
0
0
0
0
0
0
0
0
0
0
0
0
0
0
0
0
0
0
0
0
0
0
0
0
0
0
0
0
0
0
0
0
0
0
0
0
0
0
0
0
0
0
0
0
0
0
0
0
0
0
0
0
0
0
0
0
0
0
0
0
0
0
0
0
0
0
0
0
0
0
0
0
0
0
0
0
0
0
0
0
0
0
0
0
4
0
0
0
0
0
30
0
0
29
22
12
1
51
13
3
92