1024000
0
0
0
0
0
0
0
0
0
0
0
0
0
0
0
0
0
0
0
0
0
0
0
0
0
0
0
0
0
0
0
0
0
0
0
0
0
0
0
0
0
0
0
0
0
0
0
0
0
0
0
0
0
0
0
0
0
0
0
0
0
0
0
0
0
0
0
0
0
0
0
0
0
0
0
0
0
0
0
0
0
0
0
0
0
0
0
0
0
0
0
1
12
3
2
5
1
1
1
2
0
1
1
0
0
1
0
2
0
1
0
1
2
0
0
0
0
1
0
17
21
31
13
25
115
824
751
248
305
241
47
28
44
71
38
31
51
41
53
45
41
35
32
31
28
17
14
6
6
8
12
6
4
5
6
4
0
5
3
3
1
3
2
2
2
1
0
3
2
2
1
3
1
3
0
0
1
1
3
3
6
5
2
3
1
1
0
0
4
85
10
2
9
0
0
1
1
0
0
0
0
0
0
0
0
0
0
0
0
0
0
0
0
0
0
0
0
0
0
0
0
0
0
0
0
1
0
0
0
0
0
0
0
0
0
0
0
0
0
0
0
0
0
0
0
0
0
0
0
0
0
0
0
0
0
0
