1024000
0
0
0
0
0
0
0
0
0
0
0
0
0
0
0
0
0
0
0
0
0
0
0
0
0
0
0
0
0
0
0
0
0
0
0
0
0
0
0
4
4
0
0
0
0
3
6
3
15
0
1
19
12
5
0
11
4
1
0
2
1
0
1
1
0
1
1
2
0
4
1
1
0
2
2
0
0
2
0
1
4
1
5
5
17
119
184
583
94
93
97
57
52
50
29
27
51
42
56
51
54
31
16
18
16
11
15
10
9
13
8
11
10
14
12
8
3
7
14
1
13
8
5
7
5
7
18
15
12
27
22
36
9
4
5
49
52
28
16
32
34
19
0
2
26
23
38
0
2
5
12
14
6
0
0
5
2
1
0
0
0
0
0
1
0
0
0
1
0
0
0
0
0
0
0
0
0
0
0
0
0
0
0
0
0
0
0
0
0
0
0
0
0
0
0
0
0
0
0
0
0
0
0
0
0
0
0
0
0
0
0
0
0
0
0
0
0
0
0
0
0
0
0
0
0
0
0
0
0
0
0
0
0
0
0
0
0
0
0
0
0
0
0
0
0
0
0
0
0
0
0
0
0
0
0
0
