1024000
0
0
0
0
0
0
0
0
0
0
0
0
0
0
0
0
0
0
0
0
0
0
0
0
0
0
0
0
0
0
0
0
0
0
0
0
0
0
0
0
0
0
0
0
0
0
0
0
0
0
0
0
0
0
0
0
0
0
0
0
0
0
0
0
0
0
0
0
0
0
0
0
0
0
0
0
0
0
0
0
0
0
0
0
0
0
0
0
0
0
0
0
0
0
0
0
0
0
0
0
0
0
0
0
0
2
7
9
5
2
2
3
0
1
0
0
1
0
0
0
0
0
0
1
0
0
1
0
1
0
1
151
158
27
5
14
111
714
1984
516
280
483
83
28
28
62
51
43
58
33
25
40
33
39
28
36
34
29
24
18
16
5
6
9
6
2
6
1
4
3
2
2
3
0
3
2
0
1
2
4
2
1
0
0
0
1
3
1
2
0
0
4
3
12
12
21
6
1
0
1
1
0
0
0
0
0
0
0
0
0
0
0
0
1
0
0
0
0
1
0
0
0
0
1
1
2
1
0
2
1
0
0
0
0
0
0
0
0
0
0
0
0
0
0
0
0
0
0
0
0
0
0
0
0
0
0
