1024000
0
0
0
0
0
0
0
0
0
0
0
0
0
0
0
0
0
0
0
0
0
0
0
0
0
0
0
0
0
0
0
0
0
0
0
0
0
0
0
0
0
0
0
0
0
0
0
0
0
0
0
0
0
0
0
0
0
0
0
0
0
0
0
0
0
0
0
0
0
0
0
0
0
0
0
0
0
0
0
0
0
0
0
0
0
0
0
0
0
0
1
0
1
4
15
9
0
2
0
1
4
2
0
0
0
0
0
1
0
1
0
1
1
0
0
1
0
1
1
0
9
21
19
5
35
166
886
755
259
290
273
42
39
34
67
40
40
59
49
30
36
51
37
33
30
18
18
12
8
16
7
9
1
4
4
4
5
2
3
1
1
1
0
1
2
2
3
2
3
2
0
1
1
3
1
2
1
1
0
2
1
5
2
1
6
7
11
5
0
6
63
6
18
0
1
0
0
0
0
0
0
0
0
0
0
0
0
0
0
1
0
0
1
0
0
0
0
0
0
0
0
0
1
1
0
0
0
0
0
0
0
0
0
0
0
0
0
0
0
0
0
0
0
0
0
0
0
0
0
0
0
0
0
0
0
0
