1024000
0
0
0
0
0
0
0
0
0
0
0
0
0
0
0
0
0
0
0
0
0
0
0
0
0
0
0
0
0
0
0
0
0
0
0
0
0
0
0
0
0
0
0
0
0
0
0
0
0
0
0
0
0
0
0
0
0
0
0
0
0
0
0
0
0
0
0
0
0
0
0
0
0
0
2
5
2
5
2
1
1
0
1
0
1
0
0
0
0
0
0
1
1
2
6
10
7
15
5
6
8
9
0
3
4
4
4
8
3
33
102
49
38
42
166
166
74
39
44
65
61
43
38
50
44
50
27
45
48
55
51
26
27
7
7
4
8
8
11
5
3
2
6
7
6
5
2
3
6
4
3
7
4
5
11
4
7
11
24
13
12
3
17
13
14
7
15
18
12
6
3
6
3
6
4
1
2
1
0
4
0
1
1
2
0
6
33
5
1
0
1
1
0
0
0
0
0
0
0
0
0
0
0
0
0
0
0
0
0
0
0
0
0
1
0
1
1
0
0
0
0
0
0
0
0
0
0
0
0
0
0
0
0
0
0
0
0
0
0
0
0
0
0
0
0
0
0
0
0
0
0
0
0
0
0
0
