1024000
0
0
0
0
0
0
0
0
0
0
0
0
6
0
0
0
11
0
0
0
0
0
0
6
0
6
0
0
55
0
1
0
2
0
1
0
7
0
0
2
1
0
5
1
1
0
0
0
0
1
0
0
0
0
0
2
0
1
0
0
0
0
0
0
0
1
1
3
1
1
7
52
130
492
119
249
161
73
48
62
50
40
31
15
15
18
17
18
11
13
11
18
5
6
8
5
9
14
5
1
12
12
6
5
7
14
7
4
7
2
13
27
21
1
1
19
40
57
25
6
19
49
54
37
1
3
0
5
47
55
39
34
1
0
3
13
44
41
15
0
1
0
0
8
11
5
0
0
0
0
2
2
4
0
0
0
0
0
0
0
0
0
0
0
0
0
0
0
0
0
0
0
0
0
0
0
0
0
0
0
0
0
0
0
0
0
0
0
0
0
0
0
0
0
0
0
0
0
0
0
0
0
0
0
0
0
0
0
0
0
0
0
0
0
0
0
0
0
0
0
0
0
0
0
0
0
0
0
0
0
0
0
0
0
0
0
0
0
0
0
0
0
0
0
0
0
0
0
0
0
0
0
0
0
0
0
