1024000
0
0
0
0
0
0
0
0
0
0
0
0
0
0
0
0
0
0
0
0
0
0
0
0
0
0
0
0
0
0
0
0
0
0
0
0
0
0
0
0
0
0
0
0
0
0
0
0
0
0
0
0
0
0
0
0
0
0
0
0
0
0
0
0
0
0
0
0
0
0
0
0
0
0
0
0
0
0
0
0
0
0
0
0
0
0
0
0
0
0
0
0
0
0
0
0
0
0
0
0
0
0
0
0
0
0
0
0
0
0
0
2
8
9
16
6
3
0
0
0
0
0
0
0
0
0
1
0
1
0
1
0
0
0
0
1
1
6
179
538
421
75
13
17
28
1837
687
523
694
83
18
39
41
54
31
34
22
30
38
28
33
29
40
25
23
26
20
12
5
5
6
5
4
0
7
1
4
2
1
2
0
0
2
1
0
1
2
2
5
1
3
7
5
2
0
8
5
5
5
3
16
0
0
1
0
1
0
2
1
0
0
0
0
0
1
0
0
1
0
0
0
1
1
2
1
1
0
0
2
1
0
0
0
0
0
0
0
0
0
0
0
0
0
0
0
0
0
0
0
0
0
0
0
0
0
0
