1024000
0
0
0
0
0
0
0
0
0
0
0
0
0
0
0
0
0
0
0
0
0
0
0
0
0
0
0
0
0
0
0
0
0
0
0
0
0
0
0
0
0
0
0
0
0
0
0
0
0
0
0
0
0
0
0
0
0
0
0
0
0
0
0
0
0
0
1
1
7
6
0
1
0
0
0
0
0
0
0
2
1
5
0
10
12
17
14
6
4
3
2
2
2
5
11
3
6
7
11
1
7
2
12
6
73
158
59
142
136
50
49
57
31
52
35
19
38
50
53
49
55
35
35
18
14
10
6
10
9
11
12
9
8
5
6
4
2
3
11
4
7
4
6
3
7
7
9
19
17
11
7
21
28
32
8
47
25
25
9
22
12
7
7
11
6
2
2
4
1
0
4
6
1
0
1
0
0
1
1
0
0
0
1
0
0
0
0
0
0
0
0
0
0
0
0
0
0
0
0
0
1
0
0
0
0
0
1
0
0
0
0
0
1
0
0
0
3
0
0
1
0
0
0
0
0
0
0
0
0
0
0
0
0
0
0
0
0
0
0
0
0
0
0
0
0
0
0
0
0
0
0
0
0
0
0
0
