1024000
0
0
0
0
0
0
0
0
0
0
0
0
0
0
0
0
0
0
0
0
0
0
0
0
0
0
0
0
0
0
0
0
0
0
0
0
0
0
0
0
0
0
0
0
0
0
0
0
0
0
0
0
0
0
0
0
0
0
0
0
0
0
0
0
0
0
0
0
0
0
0
0
0
0
0
0
0
0
0
0
0
0
0
0
0
0
0
0
0
0
0
0
0
0
0
0
0
0
0
0
1
1
2
4
0
2
4
0
1
1
1
0
1
1
0
0
1
0
0
0
1
1
1
0
0
0
0
0
41
56
6
4
15
77
388
790
336
305
410
58
24
48
76
44
33
49
31
53
59
40
38
26
30
21
16
10
8
9
7
4
10
6
7
5
3
4
1
2
6
0
2
1
3
2
0
0
0
0
5
0
2
0
1
0
4
6
0
7
5
4
0
0
11
10
7
19
0
0
0
3
0
0
0
0
0
0
0
0
0
0
0
1
0
0
0
0
0
0
0
0
0
0
0
0
0
0
0
0
0
0
0
0
0
0
0
0
0
0
0
0
0
0
0
0
0
0
0
0
0
0
0
0
0
0
0
0
