1024000
0
0
0
0
0
0
0
0
0
0
0
0
0
0
0
0
0
0
0
0
0
0
0
0
0
0
0
0
0
0
0
0
0
0
0
0
0
0
0
0
0
0
0
0
0
0
0
0
0
0
0
0
0
0
0
0
0
0
0
0
0
0
0
0
0
0
0
0
0
0
0
2
1
1
2
3
1
0
0
0
0
0
0
0
0
0
1
1
0
1
3
14
4
10
8
10
0
3
5
7
4
11
3
5
6
6
3
10
24
120
92
82
152
120
68
56
76
54
54
60
43
28
53
56
53
46
47
27
29
26
5
8
10
12
9
10
9
11
5
7
4
7
6
7
7
2
2
4
5
4
9
10
8
16
6
3
11
15
14
1
22
18
25
11
12
8
9
6
4
4
3
2
1
4
1
2
1
0
2
0
1
0
2
1
0
0
1
0
1
0
0
0
0
0
0
0
0
0
0
0
0
0
0
0
0
0
0
0
0
0
0
0
0
0
0
1
1
0
0
0
0
0
1
0
0
0
0
0
0
0
0
0
0
0
0
0
0
0
0
0
0
0
0
0
0
0
0
0
0
0
0
0
0
0
0
0
