1024000
0
0
0
0
0
0
0
0
0
0
0
0
0
0
0
0
0
0
0
0
0
0
0
0
0
0
0
0
0
0
0
0
0
0
0
0
0
0
0
0
0
0
0
0
0
0
0
0
0
0
0
0
0
0
0
0
0
0
0
0
0
0
0
0
0
0
0
0
0
0
0
0
0
0
0
0
0
0
0
0
0
3
1
1
10
3
9
4
8
4
3
1
2
1
1
0
0
0
2
1
0
1
1
0
1
2
0
1
8
3
4
6
13
3
11
3
20
43
203
240
70
190
201
72
25
18
80
48
34
37
38
46
42
54
39
36
47
36
21
26
11
7
5
7
11
2
4
4
5
5
4
3
6
5
2
1
5
1
2
5
2
3
3
7
1
8
2
7
5
8
4
3
0
3
5
1
2
3
7
3
2
0
3
1
1
0
0
0
1
1
0
0
1
0
0
0
0
0
0
0
0
0
0
0
0
0
0
0
0
0
0
0
0
0
0
0
0
1
1
0
0
0
0
0
0
0
0
0
0
0
0
0
0
0
0
0
0
0
0
0
0
0
0
0
0
0
0
0
0
0
0
0
0
0
0
0
