1024000
0
0
0
0
0
0
0
0
0
0
0
0
0
0
0
0
0
0
0
0
0
0
0
0
0
0
0
0
0
0
0
0
0
0
0
0
0
0
0
0
0
0
0
0
0
0
0
0
0
0
0
0
0
0
0
0
0
0
0
0
0
0
0
0
0
0
0
0
0
0
0
0
0
0
0
0
0
0
0
0
0
0
0
0
0
0
0
0
0
0
0
0
0
0
0
0
0
0
0
0
0
0
0
0
0
0
0
0
0
0
0
0
0
0
0
0
0
0
0
0
0
0
0
0
0
0
0
0
0
0
0
0
0
0
0
0
0
0
0
0
0
0
0
0
0
0
0
0
0
0
0
0
0
0
0
0
0
0
0
0
0
0
0
0
0
0
2
2
0
2
1
0
1
2
0
0
0
7
410
2129
1064
756
116
56
7
12
16
20
39
36
67
770
88
73
56
32
31
22
29
24
9
13
9
7
9
4
3
1
3
5
4
5
6
5
5
3
2
1
0
1
0
1
0
0
0
0
0
0
0
0
0
0
0
0
0
0
0
24
30
0
0
0
0
0
0
0
0
0
0
0
0
0
0
0
0
0
