1024000
0
0
0
0
0
0
0
0
0
0
0
0
0
0
0
0
0
0
0
0
0
0
0
0
0
0
0
0
0
0
0
0
0
0
0
0
0
0
0
0
0
0
0
0
0
0
0
0
0
0
0
0
0
0
0
0
0
0
0
0
0
0
0
0
0
0
0
0
0
1
2
0
0
0
0
0
0
0
1
0
0
1
0
1
0
0
2
0
0
1
0
0
0
0
3
5
0
1
1
10
1
11
12
10
3
11
8
12
13
8
30
18
22
11
12
16
11
2
4
2
4
2
2
0
2
2
1
2
1
1
2
3
0
5
3
7
2
10
4
5
16
20
36
51
28
33
31
33
38
35
34
32
22
22
58
52
14
18
48
63
116
24
11
7
14
275
2062
1790
656
93
0
0
0
0
1
0
0
1
2
2
0
0
0
0
0
0
0
0
0
0
0
0
0
0
0
0
0
0
0
0
0
0
0
0
0
0
0
0
0
0
0
0
0
0
0
0
0
0
0
0
0
0
0
0
0
0
0
0
0
0
0
0
0
0
0
0
0
0
0
0
0
0
0
0
0
0
0
0
0
0
0
0
0
0
0
0
0
0
0
0
0
0
0
0
0
0
0
0
0
0
0
0
0
0
0
0
0
0
0
0
0
0
0
0
0
0
0
0
0
0
0
0
0
0
0
0
0
0
0
0
0
0
0
0
0
0
0
0
0
0
0
0
0
0
0
0
0
0
0
0
0
0
0
0
0
0
0
0
0
0
0
0
0
0
0
0
1
0
0
0
0
0
1
0
0
1
0
2
2
1
1
3
4
0
7
8
0
6
7
1
8
12
7
7
11
18
7
9
18
7
3
18
6
7
6
6
5
3
7
1
7
2
2
2
3
1
2
5
4
0
4
5
2
6
4
8
5
28
26
30
30
20
26
29
38
39
28
29
49
55
29
47
85
16
20
57
99
103
55
8
9
53
219
1586
2094
1106
137
0
0
1
0
0
0
0
0
2
0
2
0
0
0
0
0
0
0
0
0
0
0
0
0
0
0
0
0
0
0
0
0
0
0
0
0
0
0
0
0
0
0
0
0
0
0
0
0
0
0
0
0
0
0
0
0
0
0
0
0
0
0
0
0
0
0
0
0
0
0
0
0
0
0
0
0
0
0
0
0
0
0
0
0
0