1024000
0
0
0
0
0
0
0
0
0
0
0
0
0
0
0
0
0
0
0
0
0
0
0
0
0
0
0
10
0
0
1
0
0
0
0
0
49
4
7
0
2
91
86
1
23
40
13
5
3
15
9
3
12
5
9
15
13
8
9
6
12
11
8
6
17
10
6
9
11
14
17
19
34
52
38
48
71
133
314
106
232
81
10
0
1
2
3
0
3
0
3
0
3
0
3
2
0
3
4
0
5
5
8
4
10
1
2
0
0
0
0
0
0
0
2
2
3
4
2
0
0
0
0
0
0
0
0
0
0
0
0
0
0
0
0
0
0
0
0
0
0
0
0
0
0
0
0
0
0
0
0
0
0
0
0
0
0
0
0
0
0
0
0
0
0
0
0
0
0
0
0
0
0
0
0
0
0
0
0
0
0
0
0
0
0
0
0
0
0
0
0
0
0
0
0
0
0
0
0
0
0
0
0
0
0
0
0
0
0
0
0
0
0
0
0
0
0
0
0
0
0
0
0
0
0
0
0
0
0
0
0
0
0
0
0
0
0
0
0
0
0
0
0
0
0
0
0
0
0
0
0
0
0
0
0
0
0
0
0
0
0
0
0
0
0
0
0
0
0
0
0
0
0
0
0
0
0
0
0
0
0
0
0
3
2
1
0
0
0
0
0
0
115
1
1
3
0
0
101
8
8
6
58
8
7
15
10
1
26
10
9
7
15
4
16
1
9
6
4
6
11
4
15
14
13
22
31
24
37
33
60
62
94
65
98
207
126
182
65
39
0
6
1
1
1
2
2
7
3
0
2
4
3
2
0
3
5
7
2
2
2
16
1
2
0
0
0
0
0
1
1
3
2
1
4
6
0
0
0
0
0
0
0
0
0
0
0
0
0
0
0
0
0
0
0
0
0
0
0
0
0
0
0
0
0
0
0
0
0
0
0
0
0
0
0
0
0
0
0
0
0
0
0
0
0
0
0
0
0
0
0
0
0
0
0
0
0
0
0
0
0
0
0
0
0
0
0
0
0
0
0
0
0
0
0
0
0
0
0
0
0
0
0
0
0
0
0
0
0
0
0
0
0
0
0
0
0
0
0
0
0
0
0
0
0
0
0
0
0
0
0
0
0
0
0
0
0
0
0
0
0
0
0
0
0
0
0
0
0
0
0
0