1024000
0
0
0
0
0
0
0
0
0
0
0
0
0
0
0
0
0
0
0
51
4
0
12
0
0
0
0
191
22
1
6
43
0
11
2
8
8
5
13
4
7
9
11
6
14
10
28
18
17
42
36
46
52
239
36
139
189
25
7
3
8
2
0
0
0
0
0
0
0
0
0
1
0
0
3
0
1
2
0
3
0
0
0
0
1
0
0
0
10
7
3
8
3
0
2
0
0
0
0
0
0
0
0
0
0
0
0
0
0
0
0
0
0
0
0
0
0
0
0
0
0
0
0
0
0
0
0
0
0
0
0
0
0
0
0
0
0
0
0
0
0
0
0
0
0
0
0
0
0
0
0
0
0
0
0
0
0
0
0
0
0
0
0
0
0
0
0
0
0
0
0
0
0
0
0
0
0
0
0
0
0
0
0
0
0
0
0
0
0
0
0
0
0
0
0
0
0
0
0
0
0
0
0
0
0
0
0
0
0
0
0
0
0
0
0
0
0
0
0
0
0
0
0
0
0
0
0
0
0
0
0
0
0
0
0
0
0
0
0
0
0
0
0
0
0
0
0
0
0
0
0
0
0
0
0
0
0
0
0
0
0
0
0
0
0
0
0
0
0
0
0
0
0
0
0
40
22
0
1
1
0
0
0
0
31
85
3
1
4
14
37
3
0
3
23
11
7
11
2
3
12
9
12
9
22
36
53
83
72
48
203
83
175
98
29
11
8
0
0
1
1
0
0
0
0
1
0
0
0
2
3
2
1
0
1
1
0
0
0
0
2
1
2
11
0
16
19
1
7
2
1
0
0
0
0
0
0
0
0
0
0
0
0
0
0
0
0
0
0
0
0
0
0
0
0
0
0
0
0
0
0
0
0
0
0
0
0
0
0
0
0
0
0
0
0
0
0
0
0
0
0
0
0
0
0
0
0
0
0
0
0
0
0
0
0
0
0
0
0
0
0
0
0
0
0
0
0
0
0
0
0
0
0
0
0
0
0
0
0
0
0
0
0
0
0
0
0
0
0
0
0
0
0
0
0
0
0
0
0
0
0
0
0
0
0
0
0
0
0
0
0
0
0
0
0
0
0
0
0
0
0
0
0
0
0
0
0
0
0
0
0
0
0
0
0
0
0
0
0
0
0
0
0
0
0
0
0
0
0
0
0
0