1024000
0
0
0
0
0
0
0
0
0
0
0
0
0
0
0
0
0
0
0
0
0
0
0
0
0
0
0
0
0
0
0
0
0
0
0
0
0
0
0
0
0
0
0
0
0
0
0
0
0
0
0
0
0
0
0
0
0
0
0
0
0
0
0
0
0
0
0
0
0
0
0
0
0
0
1
0
7
0
0
11
0
1
12
0
11
0
20
2
25
0
17
23
2
19
17
18
11
17
42
41
34
5
29
31
19
7
15
17
9
6
7
4
5
3
6
5
6
4
1
3
7
5
7
5
6
6
6
7
6
8
17
11
14
19
20
33
33
59
45
42
58
30
53
34
32
18
78
694
507
541
489
121
57
9
297
914
565
237
1
0
0
2
0
0
1
1
1
0
0
0
1
0
0
1
0
0
0
0
0
0
0
0
0
0
0
0
0
0
0
0
0
0
0
0
0
0
0
0
0
0
0
0
0
0
0
0
0
0
0
0
0
0
0
0
0
0
0
0
0
0
0
0
0
0
0
0
0
0
0
0
0
0
0
0
0
0
0
0
0
0
0
0
0
0
0
0
0
0
0
0
0
0
0
0
0
0
0
0
0
0
0
0
0
0
0
0
0
0
0
0
0
0
0
0
0
0
0
0
0
0
0
0
0
0
0
0
0
0
0
0
0
0
0
0
0
0
0
0
0
0
0
0
0
0
0
0
0
0
0
0
0
0
0
0
0
0
0
0
0
0
0
0
0
0
1
0
0
0
0
0
3
0
0
14
0
8
0
0
16
0
7
4
8
5
17
4
17
2
21
18
15
19
0
23
27
21
2
31
30
29
16
21
24
11
7
7
8
14
4
2
4
6
2
5
4
2
5
5
2
7
2
5
4
7
8
16
6
8
10
22
28
31
27
40
48
34
33
46
53
54
36
26
24
83
755
491
231
216
58
66
14
281
838
824
232
7
1
0
1
0
0
0
0
0
0
0
3
1
0
1
0
0
0
0
0
0
0
0
0
0
0
0
0
0
0
0
0
0
0
0
0
0
0
0
0
0
0
0
0
0
0
0
0
0
0
0
0
0
0
0
0
0
0
0
0
0
0
0
0
0
0
0
0
0
0
0
0
0
0
0
0
0
0
0
0
0
0
0
0
0
0
0
0
0
0
0
0
0
0
0
0
0