1024000
0
0
0
0
0
0
0
0
0
0
0
0
0
0
0
0
0
0
0
0
0
0
0
0
0
0
0
0
0
0
0
0
0
0
0
0
0
0
0
0
0
0
0
0
0
0
0
0
0
0
0
1
0
0
0
0
0
9
0
0
0
38
0
0
0
35
1
46
1
4
63
1
63
6
4
54
4
78
3
43
3
33
19
4
15
12
8
5
6
13
10
16
12
8
20
10
14
8
17
15
12
17
12
8
7
8
13
35
45
41
31
56
53
48
38
42
33
75
41
49
69
201
185
89
282
403
877
12
13
19
13
4
0
0
0
0
0
1
0
0
0
0
0
1
0
0
0
0
0
0
0
2
1
1
1
7
6
0
0
0
0
0
0
0
0
0
0
0
0
0
0
0
0
0
0
0
0
0
0
0
0
0
0
0
0
0
0
0
0
0
0
0
0
0
0
0
0
0
0
0
0
0
0
0
0
0
0
0
0
0
0
0
0
0
0
0
0
0
0
0
0
0
0
0
0
0
0
0
0
0
0
0
0
0
0
0
0
0
0
0
0
0
0
0
0
0
0
0
0
0
0
0
0
0
0
0
0
0
0
0
0
0
0
0
0
0
0
0
0
0
0
0
0
0
0
0
0
0
0
0
0
0
0
0
0
0
0
0
0
0
0
0
0
0
0
0
0
0
0
0
0
0
0
0
0
0
0
0
0
1
0
0
0
10
0
0
0
44
1
0
0
44
4
21
33
1
35
6
2
83
5
37
9
45
4
45
7
37
26
12
14
15
14
7
16
16
7
3
14
14
14
10
8
9
7
14
9
6
6
14
6
5
7
18
26
34
41
56
56
45
50
54
24
45
61
54
60
72
184
170
140
258
193
17
25
5
27
3
1
0
0
0
0
0
1
0
1
0
1
0
0
1
0
0
0
0
0
2
0
0
0
1
13
7
0
0
0
0
0
0
0
0
0
0
0
0
0
0
0
0
0
0
0
0
0
0
0
0
0
0
0
0
0
0
0
0
0
0
0
0
0
0
0
0
0
0
0
0
0
0
0
0
0
0
0
0
0
0
0
0
0
0
0
0
0
0
0
0
0
0
0
0
0
0
0
0
0
0
0
0
0
0
0
0
0
0
0
0
0
0
0
0
0
0
0
0
0
0
0
0
0
0