7763268
0
0
0
0
0
0
0
12004
3076
600
153
74
72
371
1292
3019
5435
7807
6486
2538
8074
11769
15336
15542
15001
12951
12630
15492
20513
31177
13481
2213
998
1111
1238
1465
1479
1679
1784
1953
2007
2235
2437
2457
1881
1596
2123
2643
3037
3065
3256
3289
3491
3568
3674
3726
3436
2780
2372
2837
3412
3760
3852
4203
4163
4133
4146
4580
4808
4359
3896
4615
6040
7352
9026
10901
12382
13912
15630
17225
18483
18709
17055
16220
18945
24281
28443
31023
32203
34809
37328
40724
43230
45655
45202
41637
39984
45463
53061
57958
61284
64377
68076
67525
67033
66134
63816
59232
51993
47906
51153
57508
61563
63356
62810
62080
61015
60081
58462
55979
50660
43496
39880
41673
45640
47577
48162
47626
46446
44073
42190
40467
37922
33829
31648
33433
37721
40489
41367
41751
41626
40857
39487
37868
35655
33283
30215
29310
31361
34326
36295
36948
37986
38832
40138
40761
41194
38648
35707
32088
30740
33103
36858
39840
42088
43803
44466
44420
44437
43419
41723
38929
35557
33796
35540
38549
41076
42546
43569
44383
44435
44877
45367
43916
41794
38703
37507
41370
47928
54629
60088
64886
69512
73979
77830
78609
76008
70380
67376
71731
81074
89914
95996
98114
94604
88245
81499
74356
65400
56438
46411
40260
38697
38671
38169
37077
36255
35434
35582
35193
35831
35223
33914
30981
30045
32282
35556
38229
39117
40528
41019
43079
44091
44318
42140
35318
27317
20379
15876
12009
8233
4824
2538
1051
399
111
36
4
0
0
0
0
0
2
3
30
32
95
205
422
859
1924
10543
198702
697
140
130
147
193
388
873
2039
3283
4913
4163
1558
4842
7937
11021
11399
12098
10828
10705
12243
15196
15352
5259
1294
922
957
1140
1293
1358
1458
1581
1815
1747
1830
2000
1961
1518
1408
1663
2119
2522
2565
2707
2762
2904
3014
3259
3462
3090
2609
2299
2642
3241
3393
3561
3906
3805
3815
3724
4065
4311
3995
3733
4384
5519
6713
8302
10237
11964
13264
15034
16745
17881
17970
16895
16501
18782
23439
27794
30145
31540
33339
36379
39520
41603
43714
43328
40769
40407
44443
50840
56254
59551
63194
65735
66703
65775
65023
63156
58574
52377
49495
51499
56488
60860
62624
62312
61279
60622
59509
58247
55496
50115
43901
41405
42149
44852
46922
47384
47089
45476
43742
41832
39968
37096
34227
32833
34081
37104
39658
40952
41155
40777
39935
39086
37234
35177
32859
30475
29828
31168
33506
35535
36340
37035
38111
39643
40347
40092
38431
34962
32844
31871
33024
36292
39319
41331
43211
43827
44005
43931
43255
41072
38358
36385
35127
36090
38094
40724
42095
42752
43439
43913
44056
44424
43042
40901
38609
38104
40826
46685
52639
58649
63073
67017
71801
76014
77130
75140
70763
69922
72599
79658
88299
95019
97999
94309
87665
80623
73170
64501
55854
47046
41661
39031
38653
37142
35866
34570
34345
34448
34289
34732
34314
33158
31765
30928
32729
35403
36967
38108
38547
39556
40794
42640
44580
42133
35258
26669
19628
14545
10098
6433
3708
1698
686
234
94
158
51
46
33
37
43
48
58
149
43
34
59
101
207
730
2502
6803
