7763268
0
0
0
0
0
0
0
12004
3076
600
153
74
72
371
1292
3019
5435
7807
6486
2538
8074
11769
15336
15542
15001
12951
12630
15492
20513
31177
13481
2213
998
1111
1238
1465
1479
1679
1784
1953
2007
2235
2437
2457
1881
1596
2123
2643
3037
3065
3256
3289
3491
3568
3674
3726
3436
2780
2372
2837
3412
3760
3852
4203
4163
4133
4146
4580
4808
4359
3896
4615
6040
7352
9026
10901
12382
13912
15630
17225
18483
18709
17055
16220
18945
24281
28443
31023
32203
34809
37328
40724
43230
45655
45202
41637
39984
45463
53061
57958
61284
64377
68076
67525
67033
66134
63816
59232
51993
47906
51153
57508
61563
63356
62810
62080
61015
60081
58462
55979
50660
43496
39880
41673
45640
47577
48162
47626
46446
44073
42190
40467
37922
33829
31648
33433
37721
40489
41367
41751
41626
40857
39487
37868
35655
33283
30215
29310
31361
34326
36295
36948
37986
38832
40138
40761
41194
38648
35707
32088
30740
33103
36858
39840
42088
43803
44466
44420
44437
43419
41723
38929
35557
33796
35540
38549
41076
42546
43569
44383
44435
44877
45367
43916
41794
38703
37507
41370
47928
54629
60088
64886
69512
73979
77830
78609
76008
70380
67376
71731
81074
89914
95996
98114
94604
88245
81499
74356
65400
56438
46411
40260
38697
38671
38169
37077
36255
35434
35582
35193
35831
35223
33914
30981
30045
32282
35556
38229
39117
40528
41019
43079
44091
44318
42140
35318
27317
20379
15876
12009
8233
4824
2538
1051
399
111
36
4
0
0
0
0
0
2
3
30
32
95
205
422
859
1924
10543
917305
594
89
75
106
146
332
503
386
569
1279
1131
773
2339
3513
3677
3001
1899
1217
720
491
466
533
477
555
484
485
633
769
768
864
944
1155
1064
1102
1322
1269
894
795
1011
1279
1450
1404
1409
1396
1417
1440
1439
1604
1307
1175
1042
1231
1526
1739
1716
1991
1989
1870
1834
2052
2384
2305
2290
2855
3828
4892
6463
8404
9985
11253
13269
14668
15846
16178
15145
14993
17000
21406
25300
27650
28886
31262
33684
37225
39281
41350
41142
39153
38455
42146
48674
53457
56863
59819
62510
62914
62086
61337
59873
54763
49462
46823
48507
53409
57444
59687
58958
58442
57331
56643
54705
52340
46952
41831
39089
39700
42555
44375
44797
43722
42664
40993
38972
37216
34998
31984
30572
31918
34940
36787
38728
38437
38240
37691
36536
35142
32789
30351
28123
27748
28508
30996
32883
33748
34262
35283
36549
37399
37405
35620
32379
30218
29031
30089
32685
35361
37117
38203
39262
38934
38759
37720
36126
33543
31494
30502
31278
33016
35568
37066
37786
38393
38944
39306
39972
38690
37243
34705
34784
37303
42321
48081
53818
57853
62312
66679
70542
72113
70105
65645
64711
66924
74148
81849
88159
91060
87871
81189
74775
67358
60409
52015
44545
39274
37177
36155
35327
33763
33051
32408
32599
32663
32714
32387
31180
29292
28804
29897
31962
33186
33713
34023
35225
36498
38032
39086
37570
30564
22778
16519
12236
8852
5826
3473
1696
659
239
101
145
46
39
33
42
48
41
61
159
52
38
52
81
222
750
2448
6830
