1024000
0
0
0
0
0
0
0
0
0
0
0
0
0
0
0
0
0
0
0
0
0
0
0
0
0
0
0
0
0
0
0
0
0
0
0
0
0
0
0
0
0
0
0
0
0
0
0
0
0
0
0
0
0
0
0
0
0
0
0
0
0
0
0
0
0
0
0
0
0
0
0
0
9
1
0
11
1
8
19
2
28
1
1
39
3
16
2
26
14
24
23
0
32
24
1
30
32
11
32
28
33
8
13
12
12
9
14
7
4
6
5
3
7
5
6
2
2
4
3
5
7
11
11
5
10
11
11
24
28
30
31
38
49
37
48
33
53
33
47
62
28
16
195
1189
628
1211
2269
28
5
17
141
506
738
143
2
1
1
1
2
3
1
1
1
3
1
3
0
1
1
0
0
0
0
0
0
0
0
0
0
0
0
0
0
0
0
0
0
0
0
0
0
0
0
0
0
0
0
0
0
0
0
0
0
0
0
0
0
0
0
0
0
0
0
0
0
0
0
0
0
0
0
0
0
0
0
0
0
0
0
0
0
0
0
0
0
0
0
0
0
0
0
0
0
0
0
0
0
0
0
0
0
0
0
0
0
0
0
0
0
0
0
0
0
0
0
0
0
0
0
0
0
0
0
0
0
0
0
0
0
0
0
0
0
0
0
0
0
0