1024000
0
0
0
0
0
0
0
0
0
0
0
0
0
0
0
0
0
0
0
0
0
0
0
0
0
0
0
0
0
0
0
0
0
0
0
0
0
0
0
0
0
0
0
0
0
0
0
0
0
0
0
0
0
0
0
0
0
0
0
0
0
0
0
0
0
0
0
0
0
0
0
0
0
0
0
0
0
0
0
0
0
0
0
0
0
0
0
0
0
0
0
0
0
0
0
0
0
0
0
0
0
0
0
0
0
0
0
0
0
0
0
0
0
0
0
0
0
0
0
0
0
0
0
0
0
0
0
0
0
0
0
0
0
0
0
0
0
0
0
0
0
0
0
0
0
0
0
0
0
0
0
0
0
0
0
0
0
0
0
0
0
0
0
0
0
0
0
0
0
0
1
0
0
0
1
0
1
2
0
0
0
0
0
1
0
785
2255
514
355
145
11
18
19
17
32
48
102
1307
211
72
92
41
16
17
17
9
6
3
3
3
5
2
2
4
1
7
8
5
15
3
0
0
1
1
0
0
0
0
0
0
0
0
1
0
1
0
1
1
5
5
25
0
0
0
0
0
0
0
0
0
0
0
0
0
0
0
