1024000
0
0
0
0
0
0
0
0
0
0
0
0
0
0
0
0
0
0
0
0
0
0
0
0
0
0
0
0
0
0
0
0
0
0
0
0
0
0
0
0
0
0
0
0
0
0
0
0
0
0
0
0
0
0
0
0
0
0
0
0
0
0
0
0
0
0
0
0
0
0
0
0
0
0
0
0
0
0
0
0
0
0
0
0
0
0
0
0
0
0
0
0
0
0
0
0
0
0
0
0
0
0
0
0
0
0
0
3
0
11
10
14
18
5
1
0
0
0
0
1
0
0
0
0
0
0
0
0
1
0
1
2
0
3
27
109
474
318
19
5
87
802
3160
1243
628
1361
59
18
32
36
69
42
37
35
28
39
37
25
32
32
28
30
48
31
11
8
7
5
7
5
2
6
6
3
1
1
3
0
2
2
1
0
2
1
1
1
0
0
2
9
0
1
0
5
10
2
12
22
0
1
0
0
0
0
0
0
1
0
0
0
0
0
0
0
0
0
0
0
1
0
0
2
2
1
0
1
2
0
0
0
3
1
0
0
0
0
0
0
0
0
0
0
0
0
0
0
0
0
0
0
0
0
0
0
0
0
