1024000
0
0
0
0
0
0
0
0
0
0
0
0
0
0
0
0
0
0
0
0
0
0
0
0
0
0
0
0
0
0
0
0
0
0
0
0
0
0
0
0
0
0
0
0
0
0
0
0
0
0
0
0
0
0
0
0
0
0
0
0
0
0
0
0
0
0
0
0
0
0
0
0
0
0
0
0
0
0
0
0
0
0
0
0
0
0
0
0
0
0
0
0
0
0
0
0
0
0
0
0
0
0
0
0
0
0
0
0
0
0
0
0
0
0
0
0
0
1
0
3
6
3
1
0
0
2
0
0
0
1
1
0
0
1
0
0
0
1
1
1
3
0
0
1
143
849
623
269
9
66
61
38
88
174
202
43
32
39
60
29
22
55
32
37
36
26
37
36
26
29
20
12
19
14
5
8
4
3
3
0
2
1
3
1
3
0
1
1
1
2
2
0
8
13
16
13
5
0
3
0
0
4
2
1
7
1
1
1
0
1
0
0
0
0
0
0
0
0
0
0
0
0
0
0
0
0
0
0
0
0
3
6
2
0
0
0
0
0
0
0
0
0
0
0
0
0
0
0
0
0
0
0
0
0
0
0
