1024000
0
0
0
0
0
0
0
0
0
0
0
0
0
0
0
0
0
0
0
0
0
0
0
0
0
0
0
0
0
0
0
0
0
0
0
0
0
0
0
0
0
0
0
0
0
0
0
0
0
0
0
0
0
0
0
0
0
0
0
0
0
0
0
0
0
0
0
0
0
0
0
0
0
0
0
0
0
1
0
6
2
3
3
2
3
5
4
2
1
1
1
1
0
1
1
4
0
0
1
0
0
0
0
1
4
10
0
5
14
15
9
10
10
2
11
237
199
117
83
210
138
57
49
54
33
33
42
61
47
51
53
43
35
46
56
52
42
25
30
10
9
9
6
9
5
2
5
4
3
2
2
1
5
1
2
4
1
4
2
8
2
6
5
13
4
4
3
11
3
3
7
4
13
9
3
1
0
2
3
1
3
2
2
0
0
1
1
11
16
17
1
0
0
0
0
0
0
0
0
0
0
0
0
0
0
0
0
0
0
1
0
0
0
0
0
0
0
2
0
0
0
0
0
0
0
0
0
0
0
0
0
0
0
0
0
0
0
0
0
0
0
0
0
0
0
0
0
0
0
0
0
0
0
0
0
0
