1024000
0
0
0
0
0
0
0
0
0
0
0
0
0
0
0
0
0
1
0
0
0
0
0
0
0
0
0
0
0
0
0
0
0
0
0
0
0
0
0
0
0
0
0
0
0
0
0
0
0
0
2
0
1
5
8
8
11
58
15
312
143
61
100
60
31
44
23
36
15
19
2
14
4
12
5
10
4
3
12
9
13
5
20
3
14
10
10
14
5
3
6
4
7
14
16
13
11
9
6
8
31
85
69
15
4
3
10
5
110
75
51
1
1
1
2
0
2
2
6
30
34
26
0
0
0
0
0
0
0
1
12
3
2
0
0
0
0
0
0
0
0
0
0
0
0
0
0
0
0
0
0
0
0
0
0
0
0
0
0
0
0
0
0
0
0
0
0
0
0
0
0
0
0
0
0
0
0
0
0
0
0
0
0
0
0
0
0
0
0
0
0
0
0
0
0
0
0
0
0
0
0
0
0
0
0
0
0
0
0
0
0
0
0
0
0
0
0
0
0
0
0
0
0
0
0
0
0
0
0
0
0
0
0
0
0
0
0
0
0
0
0
0
0
0
0
0
0
0
0
0
0
0
0
0
0
0
