1024000
0
0
0
0
0
0
0
0
0
0
0
0
0
0
0
0
0
0
0
0
0
0
0
0
0
0
0
0
0
0
0
0
0
0
0
0
0
0
0
0
0
0
0
0
0
0
0
0
0
0
0
0
0
0
0
0
0
0
0
0
0
0
0
0
0
0
0
0
0
0
0
0
0
0
0
0
0
0
0
0
0
0
0
0
0
0
0
0
0
0
0
0
0
0
0
0
0
0
0
0
0
0
0
0
0
0
0
0
0
0
0
0
0
0
0
0
0
0
0
0
0
0
0
0
0
0
0
0
0
0
0
0
0
0
0
0
0
0
0
0
0
0
0
0
0
0
0
0
0
0
0
0
0
0
0
0
0
0
0
0
0
0
0
0
2
0
2
0
0
0
0
1
0
0
0
30
645
1907
721
597
156
8
8
14
20
30
33
32
79
690
97
92
50
39
16
13
28
20
13
11
10
4
1
3
4
2
9
12
3
0
3
3
3
4
3
0
11
3
1
1
0
0
0
0
0
0
0
0
0
0
0
0
1
0
0
0
0
30
2
1
1
0
0
0
0
0
0
0
0
0
0
0
0
0
0
0
