1024000
0
0
0
0
0
0
0
0
0
0
0
0
0
0
0
0
0
0
0
0
0
0
0
0
0
0
0
0
0
0
0
0
0
0
0
0
0
0
0
0
0
0
0
0
0
0
0
0
0
0
0
0
0
0
0
0
0
0
0
0
0
0
0
0
0
0
0
0
0
0
3
5
7
4
1
1
1
0
0
0
0
0
0
0
1
1
1
5
3
0
7
4
18
9
3
5
5
5
5
2
2
9
2
4
8
5
8
17
114
135
55
148
156
85
63
61
44
25
44
38
44
39
56
56
45
25
20
23
17
12
6
9
13
10
10
10
6
9
4
3
6
9
8
1
3
5
5
5
4
14
11
13
8
18
18
21
3
13
21
27
18
9
6
19
10
9
6
9
7
0
3
4
3
0
2
1
2
5
2
0
1
1
0
0
0
0
0
0
0
0
0
0
0
0
0
0
0
0
0
0
0
0
0
0
0
0
0
0
0
0
0
0
0
0
0
0
0
0
0
0
0
0
0
0
0
0
0
0
0
0
0
0
0
0
0
0
0
0
0
0
0
0
0
0
0
0
0
0
0
0
0
0
0
0
0
0
