1024000
0
0
0
0
0
0
0
0
0
0
0
0
0
0
0
0
0
0
0
0
0
0
0
0
0
0
0
0
0
0
0
0
0
0
0
0
0
0
0
0
0
0
0
0
0
0
0
0
0
0
0
0
0
0
0
0
0
0
0
0
0
0
0
0
0
0
0
0
0
0
0
0
0
0
0
0
0
0
0
0
1
0
1
0
5
2
15
11
6
2
5
0
2
0
1
1
0
1
2
0
1
0
3
0
2
0
0
0
1
1
10
2
7
5
8
7
7
5
437
455
281
95
185
184
55
47
32
79
41
32
38
30
46
49
39
37
44
45
39
25
16
8
12
6
11
7
6
6
7
2
3
4
2
5
1
8
3
4
1
0
2
7
3
2
0
7
7
5
6
1
3
7
6
6
0
7
8
4
4
1
3
5
1
0
0
4
2
7
43
22
2
0
0
0
0
0
0
0
0
0
0
0
0
0
0
0
0
0
0
0
0
0
0
0
0
0
0
0
0
0
1
1
2
0
0
0
0
0
0
0
0
0
0
0
0
0
0
0
0
0
0
0
0
0
0
0
0
0
0
0
0
0
0
0
0
0
