1024000
0
0
0
0
0
0
0
0
0
0
0
0
0
0
0
0
0
0
0
0
0
0
0
0
0
0
0
0
0
0
0
0
0
0
0
0
0
0
0
0
0
0
0
0
0
0
0
0
0
0
0
0
0
0
0
0
0
0
0
0
0
0
0
0
0
0
0
0
0
0
0
0
0
0
0
0
0
0
0
0
0
0
0
0
0
0
0
0
0
0
0
0
0
0
0
0
0
0
0
0
0
0
0
0
0
0
0
0
0
0
0
0
0
0
0
0
0
0
0
0
0
0
0
0
0
0
0
0
0
0
0
0
0
0
0
0
0
0
0
0
0
0
0
0
0
0
0
0
0
0
0
0
0
0
0
0
0
0
0
0
0
0
0
0
0
0
0
0
0
1
2
2
1
0
1
0
1
0
0
0
0
212
1739
1958
696
358
38
17
8
13
25
52
36
224
946
155
51
57
33
36
17
25
7
14
8
4
4
7
6
0
0
1
0
3
4
5
0
1
2
0
1
2
1
0
0
0
0
0
0
0
0
0
0
0
0
0
1
4
6
7
1
1
0
0
0
0
0
0
0
0
0
0
0
0
0
0
