1024000
0
0
0
0
0
0
0
0
0
0
0
0
0
0
0
0
0
0
0
0
0
0
0
0
0
0
0
1
0
0
0
0
0
8
0
12
0
3
3
0
44
2
0
4
0
0
0
5
0
4
6
2
5
0
0
0
5
1
0
0
4
1
1
0
2
3
3
0
1
1
0
0
1
0
0
2
1
1
0
39
92
162
142
304
181
33
38
36
51
85
44
35
20
29
42
30
22
23
16
12
13
12
8
10
9
9
14
20
9
8
9
6
5
5
22
9
11
3
17
9
11
5
4
12
22
27
11
34
50
31
6
8
6
70
49
32
1
6
40
28
49
1
0
15
39
39
15
0
0
0
0
9
9
5
0
0
0
0
0
1
1
0
0
0
0
0
0
0
0
0
0
0
0
0
0
0
0
0
0
0
0
0
0
0
0
0
0
0
0
0
0
0
0
0
0
1
0
0
0
0
0
0
0
0
0
0
0
0
0
0
0
0
0
0
0
0
0
0
0
0
0
0
0
0
0
0
0
0
0
0
0
0
0
0
0
0
0
0
0
0
0
0
0
0
0
0
0
0
0
0
0
0
0
0
0
0
