1024000
0
0
0
0
0
0
0
0
0
0
0
0
0
0
0
0
0
0
0
0
0
0
0
0
0
0
0
0
0
0
0
0
0
0
0
0
0
0
0
0
0
0
0
0
0
0
0
0
0
0
0
0
0
0
0
0
0
0
0
0
0
0
0
0
0
0
0
0
0
0
0
0
0
0
0
0
0
0
0
0
0
0
0
0
0
0
0
0
0
0
0
0
0
0
0
0
0
0
1
1
4
6
0
3
1
4
2
0
0
0
1
0
0
0
2
1
0
0
0
0
0
0
0
0
0
0
0
7
5
11
26
232
361
669
272
239
288
50
43
51
80
36
36
56
33
39
43
47
33
31
27
8
10
9
5
9
7
4
6
5
7
5
8
5
3
1
2
0
2
3
2
1
3
0
1
1
1
3
2
0
2
4
0
1
0
0
0
1
6
4
5
10
13
0
0
6
0
1
1
0
0
0
0
0
0
0
0
0
0
0
0
0
0
0
0
0
0
1
0
1
0
0
0
0
1
1
0
2
0
0
0
0
0
0
0
0
0
0
0
0
0
0
0
0
0
0
0
0
0
0
0
0
0
0
0
0
