1024000
0
0
0
0
0
0
0
0
0
0
0
0
0
0
0
0
0
0
0
0
0
0
0
0
0
0
0
0
0
0
0
0
0
0
0
0
0
0
0
0
0
0
0
0
0
0
0
0
0
0
0
0
0
0
0
0
0
0
0
0
0
0
0
0
0
0
0
0
0
0
0
0
0
0
0
0
0
0
0
0
0
0
0
0
0
0
0
0
0
0
0
0
0
0
0
0
0
0
0
0
0
0
0
0
0
0
0
0
0
0
0
0
0
0
0
0
0
7
13
2
0
1
2
2
0
1
0
1
1
0
0
0
0
0
0
1
0
0
0
2
2
0
13
709
506
48
6
24
121
216
75
166
406
38
24
27
50
59
28
30
32
29
46
37
30
33
30
29
22
18
10
11
3
8
4
0
4
3
0
1
1
0
4
1
2
0
3
2
3
1
2
0
0
19
32
11
28
5
3
1
3
0
4
0
1
0
1
0
1
0
0
0
1
1
0
0
1
1
0
0
0
0
0
0
0
0
1
1
0
0
2
0
0
0
0
0
0
0
0
0
0
0
0
0
0
0
0
0
0
0
0
0
0
0
0
0
