1024000
0
17
0
1
5
88
12
12
19
15
6
5
5
8
13
4
5
6
8
10
3
11
16
20
8
15
31
45
31
46
88
40
254
269
131
135
19
2
1
1
1
1
0
0
0
0
0
0
1
2
0
2
0
0
1
0
3
2
2
15
3
0
2
2
3
0
0
4
0
2
1
0
0
1
0
0
0
0
0
0
0
0
0
0
0
0
0
0
0
0
0
0
0
0
0
0
0
0
0
0
0
0
0
0
0
0
0
0
0
0
0
0
0
0
0
0
0
0
0
0
0
0
0
0
0
0
0
0
0
0
0
0
0
0
0
0
0
0
0
0
0
0
0
0
0
0
0
0
0
0
0
0
0
0
0
0
0
0
0
0
0
0
0
0
0
0
0
0
0
0
0
0
0
0
0
0
0
0
0
0
0
0
0
0
0
0
0
0
0
0
0
0
0
0
0
0
0
0
0
0
0
0
0
0
0
0
0
0
0
0
0
0
0
0
0
0
0
0
0
0
0
0
0
0
0
0
0
0
0
0
0
0
0
0
0
0
0
0
0
0
0
0
0
0
0
0
8
10
0
2
2
1
0
0
1
62
40
2
2
8
1
118
0
5
5
8
9
2
8
5
4
12
5
3
22
1
14
5
5
16
13
27
20
29
44
54
60
126