1024000
0
0
0
4
2
0
9
0
7
10
0
9
12
10
1
11
5
0
12
2
2
9
4
19
0
13
3
4
5
1
0
2
2
5
2
8
2
2
2
1
6
5
5
3
3
7
7
12
10
11
11
16
29
21
23
39
67
73
72
1515
224
69
39
17
20
24
7
180
631
1000
141
1
0
0
0
0
0
0
0
0
0
0
0
0
0
0
0
0
0
0
0
0
0
0
0
0
0
0
0
0
0
0
0
0
0
0
0
0
0
0
0
0
0
0
0
0
0
0
0
0
0
0
0
0
0
0
0
0
0
0
0
0
0
0
0
0
0
0
0
0
0
0
0
0
0
0
0
0
0
0
0
0
0
0
0
0
0
0
0
0
0
0
0
0
0
0
0
0
0
0
0
0
0
0
0
0
0
0
0
0
0
0
0
0
0
0
0
0
0
0
0
0
0
0
0
0
0
0
0
0
0
0
0
0
0
0
0
0
0
0
0
0
0
0
0
0
0
0
0
0
0
0
0
0
0
0
0
0
0
0
0
0
0
0
0
0
0
0
0
0
0
0
0
0
0
0
0
0
0
0
0
0
0
0
0
0
0
1
0
0
0
0
2
0
8
7
4
0
12
8
0
6
10
0
21
0
8
7
18
32
1
16
0
7
1
1
1
3