1024000
0
3
1
4
2
3
0
2
2
1
3
1
6
3
3
3
7
15
7
20
22
34
22
30
35
37
41
26
29
36
54
36
46
47
19
15
45
29
39
35
4
7
245
386
2123
519
349
7
0
0
1
1
0
0
2
2
3
2
0
0
0
0
0
0
0
0
0
0
0
0
0
0
0
0
0
0
0
0
0
0
0
0
0
0
0
0
0
0
0
0
0
0
0
0
0
0
0
0
0
0
0
0
0
0
0
0
0
0
0
0
0
0
0
0
0
0
0
0
0
0
0
0
0
0
0
0
0
0
0
0
0
0
0
0
0
0
0
0
0
0
0
0
0
0
0
0
0
0
0
0
0
0
0
0
0
0
0
0
0
0
0
0
0
0
0
0
0
0
0
0
0
0
0
0
0
0
0
0
0
0
0
0
0
0
0
0
0
0
0
0
0
0
0
0
0
0
0
0
0
0
0
0
0
0
0
0
0
0
0
0
0
0
0
0
0
1
0
0
0
0
0
0
0
1
0
0
3
0
1
0
0
7
1
1
5
4
6
0
8
9
6
9
18
9
5
25
0
11
6
7
5
7
3
2
3
1
3
2
2
3
1
3
1
0
1
2
1
3
1
2
4
1
5
6
5
12
15
31
25
29
26
36
36
31
31
25
54
42