1024000
0
0
0
0
0
0
0
0
47
1
0
1
2
0
89
22
6
3
92
4
2
1
62
2
24
4
1
14
4
7
5
6
7
4
8
8
7
1
10
9
5
11
3
18
4
7
28
38
23
33
25
35
58
50
42
57
59
126
161
207
426
559
125
32
15
6
4
2
5
4
6
4
2
12
12
2
8
9
8
4
14
3
1
0
2
1
0
1
0
1
0
2
4
11
12
3
1
0
0
0
0
0
0
0
0
0
0
0
0
0
0
0
0
0
0
0
0
0
0
0
0
0
0
0
0
0
0
0
0
0
0
0
0
0
0
0
0
0
0
0
0
0
0
0
0
0
0
0
0
0
0
0
0
0
0
0
0
0
0
0
0
0
0
0
0
0
0
0
0
0
0
0
0
0
0
0
0
0
0
0
0
0
0
0
0
0
0
0
0
0
0
0
0
0
0
0
0
0
0
0
0
0
0
0
0
0
0
0
0
0
0
0
0
0
0
0
0
0
0
0
0
0
0
0
0
0
0
0
0
0
0
0
0
0
0
0
0
0
0
0
0
0
0
0
0
0
0
0
0
0
0
0
0
0
0
0
1
0
0
0
0
0
0
0
22
11
4
3
2
0
90
6
2
2
102
6
8
3
59
5
9
50
1
13
7
5
6
2