1024000
0
0
0
0
0
0
0
0
0
0
0
0
0
0
0
0
0
0
0
0
0
0
0
0
0
0
0
0
0
0
1
0
0
0
2
0
1
3
4
0
17
1
1
44
2
44
3
0
41
4
52
1
68
0
62
52
2
46
44
7
32
8
22
15
6
14
7
10
7
1
1
9
4
5
3
2
8
8
4
6
9
7
8
10
7
8
26
42
39
47
44
37
35
39
47
33
51
40
57
42
47
52
58
288
204
336
1203
563
111
16
5
181
474
392
1
1
0
1
0
0
0
0
1
0
0
0
1
0
2
1
0
0
1
0
0
1
1
0
0
0
0
0
0
0
0
0
0
0
0
0
0
0
0
0
0
0
0
0
0
0
0
0
0
0
0
0
0
0
0
0
0
0
0
0
0
0
0
0
0
0
0
0
0
0
0
0
0
0
0
0
0
0
0
0
0
0
0
0
0
0
0
0
0
0
0
0
0
0
0
0
0
0
0
0
0
0
0
0
0
0
0
0
0
0
0
0
0
0
0
0
0
0
0
0
0
0
0
0
0
0
0
0
0
0
0
0
0
0
0
0
0
0
0
0
0
0
0
0
0
0
0
0
0
0
0
0
0
0
0
0
0
0
0
1
0
0
0
0
0
0
1
1
0
0
0
0
2
0