1024000
1
6
7
0
1
1
3
0
0
4
1
3
0
0
2
1
1
2
1
0
1
1
1
2
1
3
1
3
1
4
2
6
10
7
9
8
10
18
19
27
24
19
17
25
18
14
37
59
68
62
810
50
19
37
21
20
13
7
17
158
696
2979
619
0
0
0
2
0
5
0
0
0
0
0
0
0
0
0
0
0
0
0
0
0
0
0
0
0
0
0
0
0
0
0
0
0
0
0
0
0
0
0
0
0
0
0
0
0
0
0
0
0
0
0
0
0
0
0
0
0
0
0
0
0
0
0
0
0
0
0
0
0
0
0
0
0
0
0
0
0
0
0
0
0
0
0
0
0
0
0
0
0
0
0
0
0
0
0
0
0
0
0
0
0
0
0
0
0
0
0
0
0
0
0
0
0
0
0
0
0
0
0
0
0
0
0
0
0
0
0
0
0
0
0
0
0
0
0
0
0
0
0
0
0
0
0
0
0
0
0
0
0
0
0
0
0
0
0
0
0
0
0
0
0
0
0
0
0
0
0
0
0
0
0
0
0
0
1
1
0
0
1
6
0
0
10
0
1
6
0
4
0
8
13
0
10
1
7
9
2
9
3
2
0
2
6
1
2
1
1
2
0
1
0
0
1
3
1
0
0
1
0
3
2
2
0
1
3