1024000
14
21
37
39
25
51
43
46
65
129
394
119
436
36
15
10
3
2
0
0
3
1
2
2
1
0
1
2
0
2
1
2
5
8
2
5
4
3
10
1
0
0
0
0
0
0
0
1
2
1
2
1
0
0
0
0
0
0
0
0
0
0
0
0
0
0
0
0
0
0
0
0
0
0
0
0
0
0
0
0
0
0
0
0
0
0
0
0
0
0
0
0
0
0
0
0
0
0
0
0
0
0
0
0
0
0
0
0
0
0
0
0
0
0
0
0
0
0
0
0
0
0
0
0
0
0
0
0
0
0
0
0
0
0
0
0
0
0
0
0
0
0
0
0
0
0
0
0
0
0
0
0
0
0
0
0
0
0
0
0
0
0
0
0
0
0
0
0
0
0
0
0
0
0
0
0
0
0
0
0
0
0
0
0
0
0
0
0
0
0
0
0
0
0
0
0
0
0
0
0
0
0
0
0
0
0
0
0
0
0
0
0
0
0
0
0
0
0
19
0
1
2
1
0
0
0
31
57
1
5
3
0
77
0
12
2
9
6
6
0
26
9
4
3
12
2
19
6
12
16
8
8
10
9
15
3
11
10
14
22
20
42
33
52
55
42
88
249
174
346
33
31
4
1
1
2
1
2
2
0
2
2
4
1
0
2
1
4