1024000
1
1
3
13
2
1
4
17
0
0
0
0
0
0
0
1
3
2
5
5
0
1
0
0
0
0
0
0
0
0
0
0
0
0
0
0
0
0
0
0
0
0
0
0
0
0
0
0
0
0
0
0
0
0
0
0
0
0
0
0
0
0
0
0
0
0
0
0
0
0
0
0
0
0
0
0
0
0
0
0
0
0
0
0
0
0
0
0
0
0
0
0
0
0
0
0
0
0
0
0
0
0
0
0
0
0
0
0
0
0
0
0
0
0
0
0
0
0
0
0
0
0
0
0
0
0
0
0
0
0
0
0
0
0
0
0
0
0
0
0
0
0
0
0
0
0
0
0
0
0
0
0
0
0
0
0
0
0
0
0
0
0
0
0
0
0
0
0
0
0
0
0
0
0
0
0
0
0
0
0
0
0
0
0
0
0
5
0
0
0
0
0
0
0
0
120
21
2
0
4
55
177
3
2
4
41
8
4
6
8
7
14
14
12
4
5
17
4
3
15
4
10
8
13
16
11
12
15
19
10
31
66
31
58
68
161
341
110
283
59
17
2
4
1
1
1
0
0
1
2
0
1
2
2
1
2
2
5
6
0
8
1
4
6
6
4
1
0
0
0
0
1
1
3
2
6
0
0
1
0
0
0
0
0
0
0
0
0