1024000
37
65
50
63
51
215
335
89
175
38
48
12
7
6
3
2
3
6
0
7
5
14
4
0
1
1
3
3
1
0
2
0
1
0
1
2
2
1
2
0
4
2
0
0
0
0
0
0
0
0
0
0
0
0
0
0
0
0
0
0
0
0
0
0
0
0
0
0
0
0
0
0
0
0
0
0
0
0
0
0
0
0
0
0
0
0
0
0
0
0
0
0
0
0
0
0
0
0
0
0
0
0
0
0
0
0
0
0
0
0
0
0
0
0
0
0
0
0
0
0
0
0
0
0
0
0
0
0
0
0
0
0
0
0
0
0
0
0
0
0
0
0
0
0
0
0
0
0
0
0
0
0
0
0
0
0
0
0
0
0
0
0
0
0
0
0
0
0
0
0
0
0
0
0
0
0
0
0
0
0
0
0
0
0
0
0
0
0
0
0
0
0
0
0
0
0
0
0
0
0
0
0
0
0
15
1
0
0
0
0
27
2
2
0
35
9
2
2
138
0
15
61
1
36
7
3
24
5
13
3
11
6
9
5
7
5
13
7
12
13
4
14
4
10
11
10
16
18
28
56
56
94
57
63
36
37
52
43
59
34
101
41
256
132
38
91
52
6
10
5
6
4
5
11
3
8
7
0
4
1
1
0
0
0
1
2
0
0