1024000
5
2
3
4
7
6
7
4
6
9
11
29
29
15
28
35
25
40
41
30
39
37
43
59
47
39
19
25
110
131
43
14
12
14
146
1012
1440
1285
201
1
0
2
0
0
0
1
1
2
0
1
0
0
0
0
0
0
0
0
0
0
0
0
0
0
0
0
0
0
0
0
0
0
0
0
0
0
0
0
0
0
0
0
0
0
0
0
0
0
0
0
0
0
0
0
0
0
0
0
0
0
0
0
0
0
0
0
0
0
0
0
0
0
0
0
0
0
0
0
0
0
0
0
0
0
0
0
0
0
0
0
0
0
0
0
0
0
0
0
0
0
0
0
0
0
0
0
0
0
0
0
0
0
0
0
0
0
0
0
0
0
0
0
0
0
0
0
0
0
0
0
0
0
0
0
0
0
0
0
0
0
0
0
0
0
0
0
0
0
0
0
0
0
0
0
0
0
0
0
0
0
0
2
0
0
0
4
1
0
1
0
2
0
0
0
0
0
2
3
2
0
4
1
2
13
0
9
8
0
11
17
8
11
16
12
8
9
18
11
18
21
14
6
24
4
6
8
3
2
4
2
1
3
1
0
3
2
3
3
3
5
0
1
5
6
8
7
15
12
24
32
34
20
32
33
40
38
32
42
41
28
33
60
19
15
27
101
113
37