1024000
0
0
0
0
0
0
0
0
0
0
0
0
0
0
0
0
0
0
0
0
0
0
0
0
0
0
0
0
0
0
0
0
0
0
0
0
0
0
0
0
0
0
0
0
0
0
0
0
0
0
0
0
0
0
0
0
0
0
0
0
0
0
0
0
0
0
0
0
0
0
0
0
0
0
0
0
0
0
0
0
0
0
0
0
0
0
0
0
0
0
0
0
0
0
0
0
0
0
0
0
0
0
0
0
0
0
0
0
0
0
0
0
0
0
0
0
0
0
0
0
0
0
0
0
0
0
0
0
0
0
0
0
0
0
0
0
0
0
0
0
0
0
0
0
0
0
0
0
0
0
0
0
0
0
0
13
0
3
0
0
0
0
0
135
5
12
7
0
2
171
32
12
2
54
13
1
7
16
4
9
8
12
5
18
4
11
4
8
3
13
6
8
9
6
12
24
20
30
38
27
46
51
41
73
84
219
156
244
110
42
8
1
2
4
0
2
0
0
3
1
4
1
2
7
6
1
3
3
1
3
2
4
8
4
0
0
0
1
0
0
0
2
5
6
1
5
0
1
0
0
0
0
0
0
0
0
0
0
0
0
0
0
0
0
0
0
0
0
0
0
0
0
0
0
0
0
0
0
0
0
0
0
0
0
0
0
0
0