1024000
0
0
0
1
1
0
0
0
0
0
0
0
0
1
0
2
0
0
0
5
4
0
2
4
11
5
4
0
1
2
0
1
0
0
0
0
0
0
0
0
0
0
0
0
0
0
0
0
0
0
0
0
0
0
0
0
0
0
0
0
0
0
0
0
0
0
0
0
0
0
0
0
0
0
0
0
0
0
0
0
0
0
0
0
0
0
0
0
0
0
0
0
0
0
0
0
0
0
0
0
0
0
0
0
0
0
0
0
0
0
0
0
0
0
0
0
0
0
0
0
0
0
0
0
0
0
0
0
0
0
0
0
0
0
0
0
0
0
0
0
0
0
0
0
0
0
0
0
0
0
0
0
0
0
0
0
0
0
0
0
0
0
0
0
0
0
0
0
0
0
0
0
0
0
0
0
0
0
0
0
0
0
0
0
0
0
0
0
0
0
0
0
0
0
0
0
0
0
0
0
0
0
0
0
0
0
0
0
0
0
0
0
13
0
0
14
3
0
0
1
87
102
7
6
5
0
16
27
1
2
11
6
6
1
20
6
17
8
7
10
10
13
10
20
56
65
38
88
204
77
210
104
58
6
2
1
1
1
0
0
1
0
1
0
0
0
0
1
1
0
2
0
0
2
1
1
0
3
3
1
0
1
5
4
5
0
1
0