1024000
0
0
0
0
0
0
0
0
0
0
0
0
0
0
0
0
0
0
0
0
0
0
0
0
0
0
0
0
0
0
0
0
0
0
0
0
0
0
0
0
0
0
0
0
0
0
0
0
0
0
0
0
0
0
0
0
0
0
0
0
0
0
0
0
0
0
0
0
0
0
0
0
0
0
0
0
0
0
0
0
0
0
0
0
0
0
0
0
0
0
0
0
0
0
0
0
0
0
0
0
0
0
0
0
0
0
0
0
0
0
0
0
0
0
0
0
0
0
0
0
0
0
0
0
0
0
0
0
0
0
0
0
0
0
0
0
0
0
0
0
0
0
0
0
0
0
0
0
0
0
0
0
0
0
0
0
0
0
0
0
0
0
0
0
0
0
0
0
0
1
0
0
1
2
0
0
0
1
0
0
0
0
0
52
619
2295
1316
234
139
7
15
13
25
39
59
227
1420
427
91
60
31
25
30
17
10
3
4
6
5
3
4
3
3
3
2
5
5
0
5
6
0
0
1
0
0
0
0
0
0
0
0
0
0
0
0
0
1
1
6
5
27
0
0
0
0
0
0
0
0
0
0
0
0
0
0
0
