1024000
0
0
0
0
0
0
0
0
0
0
0
0
0
0
0
0
0
0
0
0
0
0
0
0
0
0
0
0
0
0
0
0
0
0
0
0
0
0
0
0
0
0
0
0
0
0
0
0
0
0
0
0
0
0
0
0
0
0
0
0
0
0
0
0
0
0
0
0
0
0
0
0
0
0
0
0
0
0
0
0
0
0
0
0
0
0
0
0
0
0
0
0
0
0
0
0
0
0
0
0
0
0
0
0
0
1
5
6
11
7
2
5
2
0
0
0
0
0
0
0
0
0
0
1
0
0
0
0
0
0
0
0
0
440
334
96
5
8
322
1761
1153
539
305
690
195
19
24
45
53
53
44
36
40
48
36
37
28
28
34
38
36
26
13
11
4
7
3
4
5
2
6
1
1
2
3
3
0
4
1
0
0
4
2
1
2
2
1
1
4
6
4
1
4
1
0
1
8
38
5
5
2
0
0
0
1
0
0
0
0
0
1
0
0
0
1
0
1
2
1
0
0
2
0
0
2
0
0
0
0
0
1
0
0
0
0
0
0
0
0
0
0
0
0
0
0
0
0
0
0
0
0
0
0
0
0
0
