1024000
0
0
0
0
0
0
0
0
0
0
0
0
0
0
0
0
0
0
0
0
0
0
0
0
0
0
0
0
0
0
0
0
0
0
0
0
0
0
0
0
0
0
0
0
0
0
0
0
0
0
0
0
0
0
0
0
0
0
0
0
0
0
0
0
0
0
0
0
0
0
0
0
0
0
0
0
0
0
0
0
0
0
0
0
0
0
0
0
0
0
0
0
0
0
0
0
0
0
0
0
0
0
0
1
4
5
4
5
2
0
1
0
0
0
0
0
1
0
0
0
0
0
0
0
0
0
0
0
1
0
9
167
22
3
10
101
563
1502
503
312
469
75
16
36
62
57
31
43
42
34
43
41
31
36
25
23
28
29
12
10
5
8
9
2
5
2
1
3
4
2
3
3
2
2
3
0
1
1
1
0
0
0
2
1
3
2
1
1
6
3
2
3
8
9
0
0
0
3
3
0
1
0
0
0
0
0
1
0
0
0
0
0
0
1
0
0
0
0
0
1
0
0
0
0
0
0
0
0
1
0
0
0
0
0
0
0
0
0
0
0
0
0
0
0
0
0
0
0
0
0
0
0
0
0
0
0
