1024000
0
0
0
0
0
0
0
0
0
0
0
2
0
0
0
0
0
0
0
4
0
0
0
0
0
0
0
5
0
18
0
2
0
0
0
0
0
0
4
0
0
1
0
4
0
0
0
1
0
0
0
7
1
0
1
0
0
0
0
0
0
0
1
0
1
0
1
21
36
171
392
284
94
68
46
52
66
27
19
24
42
21
24
15
19
15
9
8
3
6
5
9
10
15
9
9
4
1
3
17
2
4
3
6
18
21
7
11
7
16
35
43
27
3
0
2
14
53
89
49
1
3
1
6
37
42
47
23
1
3
2
11
37
41
10
0
0
0
0
6
4
5
0
0
0
0
0
0
0
0
0
1
1
0
0
0
0
0
0
0
0
0
0
0
0
0
0
0
0
0
0
0
0
0
0
0
0
0
0
0
0
0
0
0
0
0
0
0
0
0
0
0
0
0
0
0
0
0
0
0
0
0
0
0
0
0
0
0
0
0
0
0
0
0
0
0
0
0
0
0
0
0
0
0
0
0
0
0
0
0
0
0
0
0
0
0
0
0
0
0
0
0
0
0
0
0
0
0
0
0
0
0
0
0
0
0
