1024000
0
0
0
0
0
0
0
0
0
0
0
0
0
0
0
0
0
0
0
0
0
0
0
0
0
0
0
0
0
0
0
0
0
0
0
0
0
0
0
0
0
0
0
0
0
0
0
0
0
0
0
0
0
0
0
0
0
0
0
0
0
0
0
0
0
0
0
0
0
0
0
0
0
0
0
0
0
0
0
0
0
0
0
0
0
0
0
0
0
0
0
0
0
0
0
0
0
0
0
0
0
0
0
0
0
0
0
0
0
0
0
0
0
0
0
0
0
0
0
0
0
0
0
0
0
0
0
0
0
0
0
0
0
0
0
0
0
0
0
0
0
0
0
0
0
0
0
0
0
0
0
0
0
0
2
0
0
1
0
1
1
0
0
1
0
0
0
1
0
403
774
2070
537
543
211
1
15
12
10
27
25
40
42
588
62
83
40
27
27
15
26
29
12
11
8
14
5
3
4
3
2
5
2
2
1
3
4
5
2
1
1
0
2
4
2
0
0
0
0
0
2
1
1
0
0
0
0
0
0
0
0
1
0
0
3
1
0
0
1
0
0
0
0
0
0
0
0
0
0
0
0
0
0
0
0
0
