3280
0
59
0
3222
1
691
455
987
55
3567
637
195
5573
652
1479
2614
711
1973
1388
2555
1079
3496
1089
2972
1595
2433
1320
3290
2228
2275
2416
1865
1747
2740
1819
1783
2361
1698
2559
2277
2451
2126
1784
1795
1667
1875
1824
2063
1510
1709
1809
1636
1841
1632
1678
1849
1822
1678
2043
1800
1935
1837
2040
2045
1828
1822
1809
2026
2243
2164
2289
2436
2177
2712
2598
2648
2393
2525
2557
2421
2475
2361
2407
1870
2144
2139
2569
3131
2308
3254
2638
3367
3524
2296
2939
2844
2726
2576
2433
2330
2165
2349
1955
2116
1992
2022
1873
1912
1760
1912
1866
1862
1708
1883
2003
1959
2009
2084
2174
2161
1961
2720
2528
2692
2951
3170
3124
3509
3628
3701
3598
3556
3511
3242
2914
3001
3272
4129
4468
5329
6682
6687
7078
9114
7953
6785
5824
6810
5796
4117
3067
2825
3279
3478
3212
3149
3609
3359
3658
2928
3471
3645
4003
4929
5504
5743
5577
6752
6134
6536
4699
6447
4811
5963
5858
7156
5720
5532
8212
7598
6566
6988
5469
7054
6020
7503
8214
6794
7853
7254
6197
6531
6048
6717
5775
5578
7241
7165
5145
6647
5434
6656
5551
7092
6818
5326
7259
4865
6640
6510
6093
5860
4792
5733
6028
6650
7823
9389
9445
9588
6243
11529
13217
20106
27754
26486
23831
27836
26119
19708
12379
7688
4005
1675
642
311
247
154
174
78
78
70
40
29
19
20
26
27
23
38
104
0
0
0
0
3280
178
0
994
0
59
387
720
167
208
40
2243
93
5275
560
2188
1957
1250
491
2001
1729
582
2705
2810
1821
1370
2097
921
2765
3097
1656
1265
1526
1674
2325
1889
2035
1621
2774
2169
1398
1355
1511
1749
1385
1097
1499
1398
1347
1056
1729
1482
1177
1650
1369
1340
1456
1373
1292
1693
1510
1680
1610
1255
1751
1548
1718
1781
1822
1809
1997
2120
2200
2251
2098
1704
1975
1921
1773
1755
1879
1715
1782
1612
1590
1842
2148
2229
2740
1917
3209
2744
2422
2741
1874
2594
2453
1928
2532
2450
1923
2394
2263
2000
2282
2215
2426
2234
2265
2348
2329
2039
2291
2106
2322
2479
2315
2196
2872
3091
3151
3318
3553
2493
2853
3755
4173
4525
4424
4267
4108
3861
3963
4021
4290
4343
5243
6231
7733
8144
5830
6512
8065
7990
8293
7905
6922
6311
5611
5169
5509
5014
3828
3542
3789
3889
4661
5402
4735
5463
6042
6428
6209
5250
6054
5133
4573
5130
5150
4870
6510
4855
5554
6444
6399
6548
5398
6090
5169
5612
6386
6418
6154
5656
6028
6604
5737
4530
4229
4410
4326
4223
4827
4470
3897
4816
3926
4897
5469
5132
5981
6805
5209
6961
6698
4330
6608
6319
3991
5330
5671
5809
5520
3820
5982
6089
6358
5600
5443
6340
6632
7412
6362
8939
10874
13037
15768
23284
26815
26766
25660
27284
23800
22861
13812
7727
3658
896
516
425
448
341
315
254
124
72
21
18
24
25
42
48
87
0
0
0