1024000
0
0
0
0
0
0
0
0
0
0
0
0
0
0
0
0
0
0
0
0
0
0
0
0
0
0
0
0
0
0
0
0
0
0
0
0
0
0
0
0
0
0
0
0
0
0
0
0
0
0
0
0
0
0
0
0
0
0
0
4
0
0
0
20
0
0
0
25
1
43
1
1
41
5
33
47
8
53
4
53
5
54
6
50
29
6
31
12
18
12
12
18
4
8
5
7
7
8
3
6
12
5
7
14
13
9
8
9
7
10
5
17
29
42
48
41
42
45
48
47
58
34
41
54
49
38
46
233
305
259
694
832
537
35
22
5
28
41
0
1
1
0
0
0
1
1
0
1
1
0
1
1
2
0
2
0
1
0
0
0
1
1
0
0
0
0
0
0
0
0
0
0
0
0
0
0
0
0
0
0
0
0
0
0
0
0
0
0
0
0
0
0
0
0
0
0
0
0
0
0
0
0
0
0
0
0
0
0
0
0
0
0
0
0
0
0
0
0
0
0
0
0
0
0
0
0
0
0
0
0
0
0
0
0
0
0
0
0
0
0
0
0
0
0
0
0
0
0
0
0
0
0
0
0
0
0
0
0
0
0
0
0
0
0
0
0
0
0
0
0
0
0
0
0
0
0
0
0
0
0
0
0
0
0
0
0
0
0
0
0
0
0
0
0
0
0
0
0
0
0
0
0
0
0
0
0
0
0
0
0
1
0
0
0
0
4
1
0
0
7
0
0
0
28
4
3
23
3
47
5
2
55
4
28
27
55
7
41
5
31
17
27
5
27
21
3
18
13
10
11
10
10
8
8
10
12
7
7
6
7
16
10
10
11
16
8
10
12
26
37
55
33
31
37
44
51
35
37
32
34
35
40
52
32
241
290
237
685
758
543
37
11
3
56
75
0
0
0
0
0
0
0
0
0
0
0
0
0
0
1
1
1
2
0
0
0
0
3
1
0
0
0
0
0
0
0
0
0
0
0
0
0
0
0
0
0
0
0
0
0
0
0
0
0
0
0
0
0
0
0
0
0
0
0
0
0
0
0
0
0
0
0
0
0
0
0
0
0
0
0
0
0
0
0
0
0
0
0
0
0
0
0
0
0
0
0
0
0
0
0
0
0
0
0
0
0
0
0
0
0
0
0
0
0
0
0
0
0
0
0
0
0
0
0
0
0
0
0
0
0
0
0
0
0
0
0
0
0
0
0
0
0
0
0
0
0
0
0
0
0
0
0
0
0
0
0
0
0
0
0
0
0
0
0
0
0
0
0
0
0
0
0
0
0
0
0
2
0
0
0
0
0
12
1
0
7
9
0
2
13
7
1
26
2
0
37
2
39
5
0
77
4
62
1
54
6
29
40
2
22
27
7
18
12
5
9
9
6
2
6
9
9
7
12
7
6
11
4
12
12
11
12
14
6
5
16
51
59
46
46
42
53
46
38
38
48
35
54
43
35
47
273
307
243
650
588
431
26
5
6
159
9
1
0
0
0
1
0
0
1
1
0
1
0
0
1
0
1
1
0
0
1
3
0
1
1
0
0
0
0
0
0
0
0
0
0
0
0
0
0
0
0
0
0
0
0
0
0
0
0
0
0
0
0
0
0
0
0
0
0
0
0
0
0
0
0
0
0
0
0
0
0
0
0
0
0
0
0
0
0
0
0
0
0
0
0
0
0
0
0
0
0
0
0
0
0
0
0
0
0
0
0
0
0
0
0
0
0
0
0
0
0
0
0
0
0
0
0
0
0
0
0
0
0
0
0
0
0
0
0
0
0
0
0
0
0
0
0
0
0
0
0
0
0
0
0
0
0
0
0
0
0
0
0
0
0
0
0
0
0
0
0
0
0
0
0
0
0
0
0
0
0
1
0
0
0
0
0
3
0
0
0
13
0
0
0
16
0
16
11
3
33
0
34
30
2
45
6
52
2
49
8
38
20
5
36
12
24
9
14
10
6
6
5
19
6
3
2
5
6
6
7
13
9
8
9
12
11
12
9
8
22
26
33
48
40
43
43
50
46
30
37
34
35
79
42
28
42
284
251
246
723
420
232
18
4
24
167
151
0
0
0
2
2
0
0
1
0
0
0
0
0
0
0
0
1
0
0
3
0
0
0
0
0
0
0
0
0
0
0
0
0
0
0
0
0
0
0
0
0
0
0
0
0
0
0
0
0
0
0
0
0
0
0
0
0
0
0
0
0
0
0
0
0
0
0
0
0
0
0
0
0
0
0
0
0
0
0
0
0
0
0
0
0
0
0
0
0
0
0
0
0
0
0
0
0
0
0
0
0
0
0
0
0
0
0
0
0
0
0
0
0
0
0
0
0
0
0
0
0
0
0
0
0
0
0
0
0
0
0
0
0
0
0
0
0
0
0
0
0
0
0
0
0
0
0
0
0
0
0
0
0
0
0
0
0
0
0
0
0
0
0
0
0
0
0
0
0
2
1
1
0
0
0
2
1
0
0
5
0
1
0
26
0
0
37
0
63
3
1
30
0
28
50
38
32
44
6
36
4
22
9
14
29
3
14
11
8
3
10
6
9
4
4
10
3
7
5
8
9
6
8
10
4
17
13
10
9
27
51
48
68
39
35
43
42
46
43
49
23
47
59
44
39
48
290
251
266
711
361
145
15
5
22
158
307
0
2
0
0
0
0
0
1
0
0
0
0
0
0
2
0
0
0
0
0
0
0
0
0
0
0
0
0
0
0
0
0
0
0
0
0
0
0
0
0
0
0
0
0
0
0
0
0
0
0
0
0
0
0
0
0
0
0
0
0
0
0
0
0
0
0
0
0
0
0
0
0
0
0
0
0
0
0
0
0
0
0
0
0
0
0
0
0
0
0
0
0
0
0
0
0
0
0
0
0
0
0
0
0
0
0
0
0
0
0
0
0
0
0
0
0
0
0
0
0
0
0
0
0
0
0
0
0
0
0
0
0
0
0
0
0
0
0
0
0
0
0
0
0
0
0
0
0
0
0
0
0
0
0
0
0
0
0
0
0
0
0
0
0
0
0
0
0
0
1
0
0
0
0
0
3
0
0
0
3
0
0
4
5
0
41
1
1
40
0
61
3
0
35
2
88
0
70
1
57
38
4
43
36
8
31
18
8
15
9
12
6
7
7
4
1
6
4
3
5
7
5
5
12
9
10
12
7
7
29
42
43
38
46
34
54
49
47
35
50
31
44
71
34
28
74
274
231
260
669
322
77
11
3
27
186
440
0
3
0
0
0
1
0
1
0
0
1
1
0
2
1
1
1
0
1
1
0
1
2
0
0
0
0
0
0
0
0
0
0
0
0
0
0
0
0
0
0
0
0
0
0
0
0
0
0
0
0
0
0
0
0
0
0
0
0
0
0
0
0
0
0
0
0
0
0
0
0
0
0
0
0
0
0
0
0
0
0
0
0
0
0
0
0
0
0
0
0
0
0
0
0
0
0
0
0
0
0
0
0
0
0
0
0
0
0
0
0
0
0
0
0
0
0
0
0
0
0
0
0
0
0
0
0
0
0
0
0
0
0
0
0
0
0
0
0
0
0
0
0
0
0
0
0
0
0
0
0
0
0
0
0
0
0
0
0
0
0
0
0
0
0
0
0
0
0
0
0
0
0
0
1
0
0
0
1
0
0
0
20
0
10
5
0
35
3
0
48
3
59
2
65
6
49
2
42
41
5
31
12
28
10
19
16
12
8
9
7
1
9
7
10
4
3
4
5
8
6
12
13
2
10
9
4
7
11
16
59
47
56
31
39
39
39
26
33
38
33
38
67
31
48
54
267
253
272
817
388
116
10
5
78
334
343
27
0
3
0
1
0
0
0
0
0
0
0
1
1
0
2
2
1
1
0
0
0
0
0
0
0
0
0
0
0
0
0
0
0
0
0
0
0
0
0
0
0
0
0
0
0
0
0
0
0
0
0
0
0
0
0
0
0
0
0
0
0
0
0
0
0
0
0
0
0
0
0
0
0
0
0
0
0
0
0
0
0
0
0
0
0
0
0
0
0
0
0
0
0
0
0
0
0
0
0
0
0
0
0
0
0
0
0
0
0
0
0
0
0
0
0
0
0
0
0
0
0
0
0
0
0
0
0
0
0
0
0
0
0
0
0
0
0
0
0
0
0
0
0
0
0
0
0
0
0
0
0
0
0
0
0
0
0
0
0
0
0
0
0
0
0
0
0
0
0
0
0
0
2
1
0
0
4
0
0
0
7
0
0
25
0
13
13
0
29
3
24
45
46
41
32
23
37
5
49
10
24
40
2
22
42
20
12
5
11
12
6
5
8
5
11
3
2
12
4
4
11
4
10
10
7
4
9
9
25
44
52
30
36
37
44
47
38
52
43
31
40
74
38
38
58
291
239
290
790
426
101
14
7
96
512
109
1
2
1
2
1
2
1
1
0
1
0
0
1
1
2
0
1
0
0
0
0
1
0
0
0
0
0
0
0
0
0
0
0
0
0
0
0
0
0
0
0
0
0
0
0
0
0
0
0
0
0
0
0
0
0
0
0
0
0
0
0
0
0
0
0
0
0
0
0
0
0
0
0
0
0
0
0
0
0
0
0
0
0
0
0
0
0
0
0
0
0
0
0
0
0
0
0
0
0
0
0
0
0
0
0
0
0
0
0
0
0
0
0
0
0
0
0
0
0
0
0
0
0
0
0
0
0
0
0
0
0
0
0
0
0
0
0
0
0
0
0
0
0
0
0
0
0
0
0
0
0
0
0
0
0
0
0
0
0
0
0
0
0
0
0
0
0
0
0
0
0
0
0
1
0
0
0
2
0
1
3
4
0
17
1
1
44
2
44
3
0
41
4
52
1
68
0
62
52
2
46
44
7
32
8
22
15
6
14
7
10
7
1
1
9
4
5
3
2
8
8
4
6
9
7
8
10
7
8
26
42
39
47
44
37
35
39
47
33
51
40
57
42
47
52
58
288
204
336
1203
563
111
16
5
181
474
392
1
1
0
1
0
0
0
0
1
0
0
0
1
0
2
1
0
0
1
0
0
1
1
0
0
0
0
0
0
0
0
0
0
0
0
0
0
0
0
0
0
0
0
0
0
0
0
0
0
0
0
0
0
0
0
0
0
0
0
0
0
0
0
0
0
0
0
0
0
0
0
0
0
0
0
0
0
0
0
0
0
0
0
0
0
0
0
0
0
0
0
0
0
0
0
0
0
0
0
0
0
0
0
0
0
0
0
0
0
0
0
0
0
0
0
0
0
0
0
0
0
0
0
0
0
0
0
0
0
0
0
0
0
0
0
0
0
0
0
0
0
0
0
0
0
0
0
0
0
0
0
0
0
0
0
0
0
0
0
1
0
0
0
0
0
0
1
1
0
0
0
0
2
0
0
0
3
0
0
0
8
0
5
9
1
41
5
2
41
1
56
2
33
6
45
2
32
28
7
26
13
36
10
22
42
26
10
7
13
10
12
4
6
9
10
7
7
3
4
5
5
9
11
6
8
8
12
6
9
25
34
36
45
27
36
41
47
40
41
59
53
35
68
53
48
50
318
305
498
1502
714
162
8
9
318
537
415
6
1
1
1
0
0
1
1
0
0
0
1
1
0
1
0
0
0
1
0
0
4
0
0
0
0
0
0
0
0
0
0
0
0
0
0
0
0
0
0
0
0
0
0
0
0
0
0
0
0
0
0
0
0
0
0
0
0
0
0
0
0
0
0
0
0
0
0
0
0
0
0
0
0
0
0
0
0
0
0
0
0
0
0
0
0
0
0
0
0
0
0
0
0
0
0
0
0
0
0
0
0
0
0
0
0
0
0
0
0
0
0
0
0
0
0
0
0
0
0
0
0
0
0
0
0
0
0
0
0
0
0
0
0
0
0
0
0
0
0
0
0
0
0
0
0
0
0
0
0
0
0
0
0
0
0
0
0
0
0
0
0
1
1
0
0
0
0
0
0
0
0
1
0
1
5
0
1
0
6
0
0
24
0
15
11
2
35
1
1
34
20
40
19
30
23
16
46
1
40
34
3
40
29
8
24
16
24
8
5
9
7
9
6
5
2
11
3
5
5
4
5
3
11
6
3
8
8
30
32
21
39
35
44
46
49
45
53
49
43
44
29
75
46
43
77
410
321
503
1984
1485
322
5
19
479
534
179
0
1
4
0
2
1
0
0
0
1
1
0
1
0
0
1
0
1
0
1
1
2
0
0
0
0
0
0
0
0
0
0
0
0
0
0
0
0
0
0
0
0
0
0
0
0
0
0
0
0
0
0
0
0
0
0
0
0
0
0
0
0
0
0
0
0
0
0
0
0
0
0
0
0
0
0
0
0
0
0
0
0
0
0
0
0
0
0
0
0
0
0
0
0
0
0
0
0
0
0
0
0
0
0
0
0
0
0
0
0
0
0
0
0
0
0
0
0
0
0
0
0
0
0
0
0
0
0
0
0
0
0
0
0
0
0
0
0
0
0
0
0
0
0
0
0
0
0
0
0
0
0
0
0
0
0
0
0
0
0
0
0
0
0
0
0
0
0
0
0
0
0
0
0
0
1
0
0
4
6
0
9
0
0
27
1
20
19
1
53
1
28
4
31
4
32
37
1
39
34
5
26
10
25
24
24
16
7
14
9
6
8
15
7
5
4
5
3
7
3
7
5
5
6
11
7
12
10
13
26
25
27
34
33
43
47
45
30
32
39
20
29
95
51
46
58
446
312
516
2087
1761
585
5
58
395
538
91
0
1
2
2
1
0
1
0
0
0
1
0
2
0
0
4
2
1
0
0
1
1
0
0
0
0
0
0
0
0
0
0
0
0
0
0
0
0
0
0
0
0
0
0
0
0
0
0
0
0
0
0
0
0
0
0
0
0
0
0
0
0
0
0
0
0
0
0
0
0
0
0
0
0
0
0
0
0
0
0
0
0
0
0
0
0
0
0
0
0
0
0
0
0
0
0
0
0
0
0
0
0
0
0
0
0
0
0
0
0
0
0
0
0
0
0
0
0
0
0
0
0
0
0
0
0
0
0
0
0
0
0
0
0
0
0
0
0
0
0
0
0
0
0
0
0
0
0
0
0
0
0
0
0
0
0
0
0
0
0
0
0
0
0
0
0
0
0
0
0
1
0
0
0
1
0
0
0
4
0
5
5
1
33
1
0
48
1
60
4
49
1
37
2
34
27
20
17
4
51
5
28
39
28
4
23
17
12
11
10
9
16
10
5
7
5
4
2
6
4
4
3
6
8
3
5
9
7
11
16
23
30
28
33
23
41
36
42
32
39
44
36
80
52
24
65
469
280
506
1153
687
87
6
53
421
726
75
1
2
2
3
0
1
1
0
1
0
1
0
1
0
3
0
0
0
0
0
0
0
0
0
0
0
0
0
0
0
0
0
0
0
0
0
0
0
0
0
0
0
0
0
0
0
0
0
0
0
0
0
0
0
0
0
0
0
0
0
0
0
0
0
0
0
0
0
0
0
0
0
0
0
0
0
0
0
0
0
0
0
0
0
0
0
0
0
0
0
0
0
0
0
0
0
0
0
0
0
0
0
0
0
0
0
0
0
0
0
0
0
0
0
0
0
0
0
0
0
0
0
0
0
0
0
0
0
0
0
0
0
0
0
0
0
0
0
0
0
0
0
0
0
0
0
0
0
0
0
0
0
0
0
0
0
0
0
0
0
0
0
0
0
0
0
0
0
0
0
0
0
0
3
0
0
0
5
0
0
10
0
8
12
0
42
1
4
30
1
32
20
28
19
35
42
1
35
32
4
35
26
22
20
13
16
4
9
8
9
6
9
7
4
15
3
8
9
7
9
2
1
3
10
9
9
11
7
8
14
17
33
34
34
35
51
33
40
50
41
44
36
71
48
15
75
483
304
539
1536
802
47
10
75
761
569
45
0
0
0
1
0
0
1
0
0
0
1
0
2
1
0
1
0
0
0
0
0
0
0
0
0
0
0
0
0
0
0
0
0
0
0
0
0
0
0
0
0
0
0
0
0
0
0
0
0
0
0
0
0
0
0
0
0
0
0
0
0
0
0
0
0
0
0
0
0
0
0
0
0
0
0
0
0
0
0
0
0
0
0
0
0
0
0
0
0
0
0
0
0
0
0
0
0
0
0
0
0
0
0
0
0
0
0
0
0
0
0
0
0
0
0
0
0
0
0
0
0
0
0
0
0
0
0
0
0
0
0
0
0
0
0
0
0
0
0
0
0
0
0
0
0
0
0
0
0
0
0
0
0
0
0
0
0
0
0
0
0
0
0
0
0
0
0
0
0
0
0
0
0
0
0
0
0
5
0
10
0
0
19
0
25
9
2
44
0
23
0
27
0
29
38
0
29
33
4
36
8
39
45
29
9
12
16
17
9
2
7
7
6
8
8
3
8
6
5
6
4
3
10
9
6
9
5
12
15
13
16
15
33
32
37
30
39
49
47
49
36
41
76
35
16
83
622
305
790
3160
290
29
13
125
698
702
13
0
0
1
1
1
0
2
2
0
0
1
1
3
0
3
0
0
0
0
0
0
0
0
0
0
0
0
0
0
0
0
0
0
0
0
0
0
0
0
0
0
0
0
0
0
0
0
0
0
0
0
0
0
0
0
0
0
0
0
0
0
0
0
0
0
0
0
0
0
0
0
0
0
0
0
0
0
0
0
0
0
0
0
0
0
0
0
0
0
0
0
0
0
0
0
0
0
0
0
0
0
0
0
0
0
0
0
0
0
0
0
0
0
0
0
0
0
0
0
0
0
0
0
0
0
0
0
0
0
0
0
0
0
0
0
0
0
0
0
0
0
0
0
0
0
0
0
0
0
0
0
0
0
0
0
0
0
0
0
0
0
0
0
0
0
0
0
0
0
1
0
0
1
0
0
0
6
0
3
8
0
20
0
0
38
0
24
15
27
2
22
2
20
19
17
14
8
34
2
29
47
37
7
24
19
15
7
7
10
14
8
3
2
5
6
1
7
4
7
2
7
2
7
9
8
7
6
8
8
12
22
23
31
33
40
24
47
46
36
56
25
44
71
36
28
139
690
389
1243
2665
58
17
10
177
627
709
72
1
0
0
2
1
0
0
2
0
0
0
2
1
0
5
0
0
0
0
0
0
0
0
0
0
0
0
0
0
0
0
0
0
0
0
0
0
0
0
0
0
0
0
0
0
0
0
0
0
0
0
0
0
0
0
0
0
0
0
0
0
0
0
0
0
0
0
0
0
0
0
0
0
0
0
0
0
0
0
0
0
0
0
0
0
0
0
0
0
0
0
0
0
0
0
0
0
0
0
0
0
0
0
0
0
0
0
0
0
0
0
0
0
0
0
0
0
0
0
0
0
0
0
0
0
0
0
0
0
0
0
0
0
0
0
0
0
0
0
0
0
0
0
0
0
0
0
0
0
0
0
0
0
0
0
0
0
0
0
0
0
0
0
0
0
0
0
0
0
0
0
0
0
0
0
9
1
0
11
1
8
19
2
28
1
1
39
3
16
2
26
14
24
23
0
32
24
1
30
32
11
32
28
33
8
13
12
12
9
14
7
4
6
5
3
7
5
6
2
2
4
3
5
7
11
11
5
10
11
11
24
28
30
31
38
49
37
48
33
53
33
47
62
28
16
195
1189
628
1211
2269
28
5
17
141
506
738
143
2
1
1
1
2
3
1
1
1
3
1
3
0
1
1
0
0
0
0
0
0
0
0
0
0
0
0
0
0
0
0
0
0
0
0
0
0
0
0
0
0
0
0
0
0
0
0
0
0
0
0
0
0
0
0
0
0
0
0
0
0
0
0
0
0
0
0
0
0
0
0
0
0
0
0
0
0
0
0
0
0
0
0
0
0
0
0
0
0
0
0
0
0
0
0
0
0
0
0
0
0
0
0
0
0
0
0
0
0
0
0
0
0
0
0
0
0
0
0
0
0
0
0
0
0
0
0
0
0
0
0
0
0
0
0
0
0
0
0
0
0
0
0
0
0
0
0
0
0
0
0
0
0
0
0
0
0
0
0
0
0
0
0
0
0
0
0
0
0
0
0
3
0
0
0
5
0
5
0
0
18
0
15
17
1
39
1
25
2
23
1
21
24
2
28
11
14
20
4
34
35
22
8
20
24
23
7
4
10
7
6
1
9
5
2
9
5
5
2
2
2
2
5
2
7
9
13
7
15
11
17
18
22
32
34
40
46
39
46
49
38
57
62
22
19
59
1361
677
1119
1837
105
13
8
48
502
849
182
2
0
0
1
2
0
0
2
1
0
1
2
1
0
0
0
0
0
0
0
0
0
0
0
0
0
0
0
0
0
0
0
0
0
0
0
0
0
0
0
0
0
0
0
0
0
0
0
0
0
0
0
0
0
0
0
0
0
0
0
0
0
0
0
0
0
0
0
0
0
0
0
0
0
0
0
0
0
0
0
0
0
0
0
0
0
0
0
0
0
0
0
0
0
0
0
0
0
0
0
0
0
0
0
0
0
0
0
0
0
0
0
0
0
0
0
0
0
0
0
0
0
0
0
0
0
0
0
0
0
0
0
0
0
0
0
0
0
0
0
0
0
0
0
0
0
0
0
0
0
0
0
0
0
0
0
0
0
0
0
0
0
0
0
0
0
0
0
0
0
3
0
0
0
7
0
0
18
0
18
0
0
23
2
15
3
21
3
38
3
26
15
19
14
11
21
2
23
29
27
10
22
30
23
4
13
9
15
9
11
5
9
5
2
15
2
5
3
3
2
5
6
4
6
3
5
15
10
4
14
18
31
19
31
39
49
43
42
31
33
31
51
62
24
19
59
713
358
687
2100
140
6
6
50
623
833
204
0
0
0
2
0
2
0
0
0
0
2
0
2
0
2
0
0
0
0
0
0
0
0
0
0
0
0
0
0
0
0
0
0
0
0
0
0
0
0
0
0
0
0
0
0
0
0
0
0
0
0
0
0
0
0
0
0
0
0
0
0
0
0
0
0
0
0
0
0
0
0
0
0
0
0
0
0
0
0
0
0
0
0
0
0
0
0
0
0
0
0
0
0
0
0
0
0
0
0
0
0
0
0
0
0
0
0
0
0
0
0
0
0
0
0
0
0
0
0
0
0
0
0
0
0
0
0
0
0
0
0
0
0
0
0
0
0
0
0
0
0
0
0
0
0
0
0
0
0
0
0
0
1
0
0
0
0
0
0
0
0
0
0
0
0
0
0
0
0
0
0
0
0
1
1
0
11
0
3
9
0
34
0
0
21
0
17
0
27
0
19
21
2
16
22
1
22
23
2
32
30
22
13
13
18
11
10
19
8
6
7
5
4
4
3
7
3
5
3
4
3
4
6
4
5
7
1
4
6
12
14
17
16
30
44
47
50
53
35
43
43
47
45
24
18
65
675
523
640
1051
177
24
9
269
986
626
184
16
0
1
0
1
1
0
0
0
1
1
1
1
0
0
1
0
0
0
0
0
0
0
0
0
0
0
0
0
0
0
0
0
0
0
0
0
0
0
0
0
0
0
0
0
0
0
0
0
0
0
0
0
0
0
0
0
0
0
0
0
0
0
0
0
0
0
0
0
0
0
0
0
0
0
0
0
0
0
0
0
0
0
0
0
0
0
0
0
0
0
0
0
0
0
0
0
0
0
0
0
0
0
0
0
0
0
0
0
0
0
0
0
0
0
0
0
0
0
0
0
0
0
0
0
0
0
0
0
0
0
0
0
0
0
0
0
0
0
0
0
0
0
0
0
0
0
0
0
0
0
0
0
0
0
0
0
0
0
0
0
0
0
0
0
0
0
0
0
0
0
0
0
1
0
7
0
0
11
0
1
12
0
11
0
20
2
25
0
17
23
2
19
17
18
11
17
42
41
34
5
29
31
19
7
15
17
9
6
7
4
5
3
6
5
6
4
1
3
7
5
7
5
6
6
6
7
6
8
17
11
14
19
20
33
33
59
45
42
58
30
53
34
32
18
78
694
507
541
489
121
57
9
297
914
565
237
1
0
0
2
0
0
1
1
1
0
0
0
1
0
0
1
0
0
0
0
0
0
0
0
0
0
0
0
0
0
0
0
0
0
0
0
0
0
0
0
0
0
0
0
0
0
0
0
0
0
0
0
0
0
0
0
0
0
0
0
0
0
0
0
0
0
0
0
0
0
0
0
0
0
0
0
0
0
0
0
0
0
0
0
0
0
0
0
0
0
0
0
0
0
0
0
0
0
0
0
0
0
0
0
0
0
0
0
0
0
0
0
0
0
0
0
0
0
0
0
0
0
0
0
0
0
0
0
0
0
0
0
0
0
0
0
0
0
0
0
0
0
0
0
0
0
0
0
0
0
0
0
0
0
0
0
0
0
0
0
0
0
0
0
0
0
1
0
0
0
0
0
3
0
0
14
0
8
0
0
16
0
7
4
8
5
17
4
17
2
21
18
15
19
0
23
27
21
2
31
30
29
16
21
24
11
7
7
8
14
4
2
4
6
2
5
4
2
5
5
2
7
2
5
4
7
8
16
6
8
10
22
28
31
27
40
48
34
33
46
53
54
36
26
24
83
755
491
231
216
58
66
14
281
838
824
232
7
1
0
1
0
0
0
0
0
0
0
3
1
0
1
0
0
0
0
0
0
0
0
0
0
0
0
0
0
0
0
0
0
0
0
0
0
0
0
0
0
0
0
0
0
0
0
0
0
0
0
0
0
0
0
0
0
0
0
0
0
0
0
0
0
0
0
0
0
0
0
0
0
0
0
0
0
0
0
0
0
0
0
0
0
0
0
0
0
0
0
0
0
0
0
0
0
0
0
0
0
0
0
0
0
0
0
0
0
0
0
0
0
0
0
0
0
0
0
0
0
0
0
0
0
0
0
0
0
0
0
0
0
0
0
0
0
0
0
0
0
0
0
0
0
0
0
0
0
0
0
0
0
0
0
0
0
0
0
0
0
0
0
0
0
0
0
0
0
0
0
4
2
0
12
0
0
27
0
11
0
0
17
0
12
0
12
0
17
12
1
13
14
1
27
13
8
38
24
32
3
25
20
25
7
14
2
7
11
9
2
3
2
5
6
2
2
1
4
3
10
5
9
6
7
12
7
10
10
11
14
10
27
22
38
67
43
25
40
44
35
69
65
38
18
274
866
171
75
82
61
27
22
353
1175
954
348
1
1
0
2
1
1
1
0
0
0
1
0
1
0
0
0
0
0
0
0
0
0
0
0
0
0
0
0
0
0
0
0
0
0
0
0
0
0
0
0
0
0
0
0
0
0
0
0
0
0
0
0
0
0
0
0
0
0
0
0
0
0
0
0
0
0
0
0
0
0
0
0
0
0
0
0
0
0
0
0
0
0
0
0
0
0
0
0
0
0
0
0
0
0
0
0
0
0
0
0
0
0
0
0
0
0
0
0
0
0
0
0
0
0
0
0
0
0
0
0
0
0
0
0
0
0
0
0
0
0
0
0
0
0
0
0
0
0
0
0
0
0
0
0
0
0
0
0
0
0
0
0
0
0
0
0
0
0
0
0
0
0
0
0
0
0
0
1
0
0
0
2
0
4
4
0
9
1
4
9
0
8
1
14
1
18
0
17
21
3
18
5
16
10
14
31
15
26
10
35
41
27
8
21
16
11
10
13
10
3
7
4
1
3
2
1
3
3
4
2
2
4
5
4
6
9
7
5
9
9
23
8
32
26
34
41
40
42
36
56
42
46
42
39
27
379
650
166
128
38
54
41
38
306
878
1044
193
14
0
0
0
0
0
0
0
0
1
2
0
0
0
1
0
0
0
0
0
0
0
0
0
0
0
0
0
0
0
0
0
0
0
0
0
0
0
0
0
0
0
0
0
0
0
0
0
0
0
0
0
0
0
0
0
0
0
0
0
0
0
0
0
0
0
0
0
0
0
0
0
0
0
0
0
0
0
0
0
0
0
0
0
0
0
0
0
0
0
0
0
0
0
0
0
0
0
0
0
0
0
0
0
0
0
0
0
0
0
0
0
0
0
0
0
0
0
0
0
0
0
0
0
0
0
0
0
0
0
0
0
0
0
0
0
0
0
0
0
0
0
0
0
0
0
0
0
0
0
0
0
0
0
0
0
0
0
0
0
0
0
0
0
1
0
1
0
0
0
4
0
0
7
0
8
0
0
9
0
3
4
6
5
8
1
7
4
19
2
15
17
0
13
21
13
9
24
27
23
3
27
28
29
16
11
8
8
4
4
7
5
1
3
5
1
6
2
1
0
3
0
4
4
1
8
5
9
8
9
10
21
30
28
31
33
48
40
42
37
40
55
41
36
29
160
406
172
88
32
61
21
13
252
837
620
164
1
1
0
0
1
0
0
0
0
4
2
1
0
0
0
0
0
0
0
0
0
0
0
0
0
0
0
0
0
0
0
0
0
0
0
0
0
0
0
0
0
0
0
0
0
0
0
0
0
0
0
0
0
0
0
0
0
0
0
0
0
0
0
0
0
0
0
0
0
0
0
0
0
0
0
0
0
0
0
0
0
0
0
0
0
0
0
0
0
0
0
0
0
0
0
0
0
0
0
0
0
0
0
0
0
0
0
0
0
0
0
0
0
0
0
0
0
0
0
0
0
0
0
0
0
0
0
0
0
0
0
0
0
0
0
0
0
0
0
0
0
0
0
0
0
0
0
0
0
0
0
0
0
0
0
0
0
0
0
0
0
0
0
0
0
0
0
0
0
0
0
0
5
0
0
5
0
5
0
0
8
0
14
1
4
0
17
12
0
12
18
1
11
5
12
27
14
17
1
40
25
32
7
44
6
18
16
6
5
3
5
3
5
1
2
5
5
3
2
5
4
2
5
4
5
7
6
4
9
9
16
21
23
36
39
37
48
25
35
48
35
54
44
27
22
38
208
174
68
30
49
26
22
376
705
773
74
0
0
0
0
0
1
1
0
0
3
1
1
0
0
0
0
0
0
0
0
0
0
0
0
0
0
0
0
0
0
0
0
0
0
0
0
0
0
0
0
0
0
0
0
0
0
0
0
0
0
0
0
0
0
0
0
0
0
0
0
0
0
0
0
0
0
0
0
0
0
0
0
0
0
0
0
0
0
0
0
0
0
0
0
0
0
0
0
0
0
0
0
0
0
0
0
0
0
0
0
0
0
0
0
0
0
0
0
0
0
0
0
0
0
0
0
0
0
0
0
0
0
0
0
0
0
0
0
0
0
0
0
0
0
0
0
0
0
0
0
0
0
0
0
0
0
0
0
0
0
0
0
0
0
0
0
0
0
0
0
0
0
0
0
0
0
0
0
0
0
0
4
1
0
2
0
0
2
0
8
0
4
1
7
0
10
5
6
19
1
17
7
10
23
17
11
4
35
33
16
8
19
26
9
18
6
8
11
5
5
1
6
2
4
2
1
3
3
2
5
4
6
4
3
7
5
6
2
5
21
16
25
25
28
30
36
45
28
31
42
31
42
47
25
24
36
202
153
75
38
32
22
59
374
845
911
109
1
0
0
0
0
1
0
0
2
0
0
2
0
2
0
0
0
0
0
0
0
0
0
0
0
0
0
0
0
0
0
0
0
0
0
0
0
0
0
0
0
0
0
0
0
0
0
0
0
0
0
0
0
0
0
0
0
0
0
0
0
0
0
0
0
0
0
0
0
0
0
0
0
0
0
0
0
0
0
0
0
0
0
0
0
0
0
0
0
0
0
0
0
0
0
0
0
0
0
0
0
0
0
0
0
0
0
0
0
0
0
0
0
0
0
0
0
0
0
0
0
0
0
0
0
0
0
0
0
0
0
0
0
0
0
0
0
0
0
0
0
0
0
0
0
0
0
0
0
0
0
0
0
0
0
0
0
0
0
0
0
0
0
0
0
0
0
0
4
0
0
1
0
3
0
0
2
0
0
5
1
2
1
1
5
3
11
0
16
3
0
17
13
6
19
19
19
24
2
47
25
28
16
21
3
14
4
2
9
4
6
4
4
1
8
2
3
3
3
4
4
4
6
3
7
10
3
9
10
10
29
23
36
32
37
33
39
27
42
34
29
41
66
27
24
43
152
143
31
24
48
9
105
614
896
747
99
0
0
0
0
1
0
0
3
0
0
1
0
0
0
0
0
0
0
0
0
0
0
0
0
0
0
0
0
0
0
0
0
0
0
0
0
0
0
0
0
0
0
0
0
0
0
0
0
0
0
0
0
0
0
0
0
0
0
0
0
0
0
0
0
0
0
0
0
0
0
0
0
0
0
0
0
0
0
0
0
0
0
0
0
0
0
0
0
0
0
0
0
0
0
0
0
0
0
0
0
0
0
0
0
0
0
0
0
0
0
0
0
0
0
0
0
0
0
0
0
0
0
0
0
0
0
0
0
0
0
0
0
0
0
0
0
0
0
0
0
0
0
0
0
0
0
0
0
0
0
0
0
0
0
0
0
0
0
0
0
0
0
0
0
0
0
0
0
1
0
2
0
0
2
0
5
2
0
2
0
9
0
6
0
2
10
0
10
8
3
11
7
12
27
14
4
6
31
25
19
9
32
3
11
13
7
3
5
4
5
1
5
5
3
3
3
3
2
2
0
5
4
3
4
7
5
7
6
8
19
28
34
23
28
38
37
42
32
22
36
44
48
50
43
32
51
200
220
50
17
12
11
162
725
1055
969
238
0
0
0
1
0
0
0
1
1
2
2
0
2
0
0
0
0
0
0
0
0
0
0
0
0
0
0
0
0
0
0
0
0
0
0
0
0
0
0
0
0
0
0
0
0
0
0
0
0
0
0
0
0
0
0
0
0
0
0
0
0
0
0
0
0
0
0
0
0
0
0
0
0
0
0
0
0
0
0
0
0
0
0
0
0
0
0
0
0
0
0
0
0
0
0
0
0
0
0
0
0
0
0
0
0
0
0
0
0
0
0
0
0
0
0
0
0
0
0
0
0
0
0
0
0
0
0
0
0
0
0
0
0
0
0
0
0
0
0
0
0
0
0
0
0
0
0
0
0
0
0
0
0
0
0
0
0
0
0
0
0
0
0
0
0
0
0
0
0
0
0
0
4
0
0
2
0
1
0
3
0
8
0
13
6
5
4
5
6
0
6
17
15
11
12
29
18
25
4
33
36
13
15
6
11
9
4
2
2
4
2
1
4
2
1
0
0
3
5
2
3
4
7
6
7
4
6
9
11
29
29
15
28
35
25
40
41
30
39
37
43
59
47
39
19
25
110
131
43
14
12
14
146
1012
1440
1285
201
1
0
2
0
0
0
1
1
2
0
1
0
0
0
0
0
0
0
0
0
0
0
0
0
0
0
0
0
0
0
0
0
0
0
0
0
0
0
0
0
0
0
0
0
0
0
0
0
0
0
0
0
0
0
0
0
0
0
0
0
0
0
0
0
0
0
0
0
0
0
0
0
0
0
0
0
0
0
0
0
0
0
0
0
0
0
0
0
0
0
0
0
0
0
0
0
0
0
0
0
0
0
0
0
0
0
0
0
0
0
0
0
0
0
0
0
0
0
0
0
0
0
0
0
0
0
0
0
0
0
0
0
0
0
0
0
0
0
0
0
0
0
0
0
0
0
0
0
0
0
0
0
0
0
0
0
0
0
0
0
0
0
2
0
0
0
4
1
0
1
0
2
0
0
0
0
0
2
3
2
0
4
1
2
13
0
9
8
0
11
17
8
11
16
12
8
9
18
11
18
21
14
6
24
4
6
8
3
2
4
2
1
3
1
0
3
2
3
3
3
5
0
1
5
6
8
7
15
12
24
32
34
20
32
33
40
38
32
42
41
28
33
60
19
15
27
101
113
37
12
4
8
190
1080
1227
809
239
0
0
0
0
0
0
0
0
0
0
0
0
0
0
0
0
0
0
0
0
0
0
0
0
0
0
0
0
0
0
0
0
0
0
0
0
0
0
0
0
0
0
0
0
0
0
0
0
0
0
0
0
0
0
0
0
0
0
0
0
0
0
0
0
0
0
0
0
0
0
0
0
0
0
0
0
0
0
0
0
0
0
0
0
0
0
0
0
0
0
0
0
0
0
0
0
0
0
0
0
0
0
0
0
0
0
0
0
0
0
0
0
0
0
0
0
0
0
0
0
0
0
0
0
0
0
0
0
0
0
0
0
0
0
0
0
0
0
0
0
0
0
0
0
0
0
0
0
0
0
0
0
0
0
0
0
0
1
0
0
0
0
0
0
0
0
0
0
2
0
0
1
0
2
1
0
0
0
2
0
5
1
4
6
0
7
3
3
5
2
6
9
14
13
6
22
14
16
5
27
1
14
13
5
10
10
6
8
4
5
0
3
2
2
1
1
3
1
1
5
3
3
6
5
7
4
7
10
18
27
38
17
32
25
27
28
44
41
42
30
34
29
45
28
13
33
85
109
36
15
6
21
411
1504
1560
703
141
0
0
0
0
0
0
0
1
1
2
0
0
0
0
0
0
0
0
0
0
0
0
0
0
0
0
0
0
0
0
0
0
0
0
0
0
0
0
0
0
0
0
0
0
0
0
0
0
0
0
0
0
0
0
0
0
0
0
0
0
0
0
0
0
0
0
0
0
0
0
0
0
0
0
0
0
0
0
0
0
0
0
0
0
0
0
0
0
0
0
0
0
0
0
0
0
0
0
0
0
0
0
0
0
0
0
0
0
0
0
0
0
0
0
0
0
0
0
0
0
0
0
0
0
0
0
0
0
0
0
0
0
0
0
0
0
0
0
0
0
0
0
0
0
0
0
0
0
0
0
0
0
0
0
0
0
1
2
0
0
0
0
0
0
0
1
0
0
1
0
1
0
0
2
0
0
1
0
0
0
0
3
5
0
1
1
10
1
11
12
10
3
11
8
12
13
8
30
18
22
11
12
16
11
2
4
2
4
2
2
0
2
2
1
2
1
1
2
3
0
5
3
7
2
10
4
5
16
20
36
51
28
33
31
33
38
35
34
32
22
22
58
52
14
18
48
63
116
24
11
7
14
275
2062
1790
656
93
0
0
0
0
1
0
0
1
2
2
0
0
0
0
0
0
0
0
0
0
0
0
0
0
0
0
0
0
0
0
0
0
0
0
0
0
0
0
0
0
0
0
0
0
0
0
0
0
0
0
0
0
0
0
0
0
0
0
0
0
0
0
0
0
0
0
0
0
0
0
0
0
0
0
0
0
0
0
0
0
0
0
0
0
0
0
0
0
0
0
0
0
0
0
0
0
0
0
0
0
0
0
0
0
0
0
0
0
0
0
0
0
0
0
0
0
0
0
0
0
0
0
0
0
0
0
0
0
0
0
0
0
0
0
0
0
0
0
0
0
0
0
0
0
0
0
0
0
0
0
0
0
0
0
0
0
0
0
0
0
0
0
0
0
0
0
1
0
0
0
0
0
1
0
0
1
0
2
2
1
1
3
4
0
7
8
0
6
7
1
8
12
7
7
11
18
7
9
18
7
3
18
6
7
6
6
5
3
7
1
7
2
2
2
3
1
2
5
4
0
4
5
2
6
4
8
5
28
26
30
30
20
26
29
38
39
28
29
49
55
29
47
85
16
20
57
99
103
55
8
9
53
219
1586
2094
1106
137
0
0
1
0
0
0
0
0
2
0
2
0
0
0
0
0
0
0
0
0
0
0
0
0
0
0
0
0
0
0
0
0
0
0
0
0
0
0
0
0
0
0
0
0
0
0
0
0
0
0
0
0
0
0
0
0
0
0
0
0
0
0
0
0
0
0
0
0
0
0
0
0
0
0
0
0
0
0
0
0
0
0
0
0
0
0
0
0
0
0
0
0
0
0
0
0
0
0
0
0
0
0
0
0
0
0
0
0
0
0
0
0
0
0
0
0
0
0
0
0
0
0
0
0
0
0
0
0
0
0
0
0
0
0
0
0
0
0
0
0
0
0
0
0
0
0
0
0
0
0
0
0
0
0
0
0
0
0
0
0
0
0
0
0
0
0
0
0
0
0
0
0
0
0
1
1
0
0
0
0
1
4
1
7
4
1
1
1
2
2
9
4
7
9
18
11
6
25
0
17
14
6
9
6
5
5
3
3
0
1
2
1
2
2
0
3
0
2
6
1
8
6
7
4
9
6
6
13
51
48
29
28
40
29
31
34
46
33
32
40
32
53
50
20
15
30
47
109
23
15
12
46
337
2556
1427
565
161
0
0
1
0
1
0
0
1
1
2
2
0
0
0
0
0
0
0
0
0
0
0
0
0
0
0
0
0
0
0
0
0
0
0
0
0
0
0
0
0
0
0
0
0
0
0
0
0
0
0
0
0
0
0
0
0
0
0
0
0
0
0
0
0
0
0
0
0
0
0
0
0
0
0
0
0
0
0
0
0
0
0
0
0
0
0
0
0
0
0
0
0
0
0
0
0
0
0
0
0
0
0
0
0
0
0
0
0
0
0
0
0
0
0
0
0
0
0
0
0
0
0
0
0
0
0
0
0
0
0
0
0
0
0
0
0
0
0
0
0
0
0
0
0
0
0
0
0
0
0
0
0
0
0
0
0
0
0
0
0
0
0
0
0
0
0
0
0
0
0
0
1
0
1
0
0
0
0
0
2
0
3
1
0
7
0
4
4
6
0
6
11
13
11
7
19
11
22
13
8
16
10
0
13
1
7
2
1
3
5
3
0
2
1
5
1
1
2
2
5
1
5
4
2
9
8
11
14
31
21
34
25
27
37
24
37
38
37
34
37
33
72
37
26
18
28
58
61
33
7
3
64
226
2072
1274
431
137
0
0
0
0
1
1
0
0
1
1
0
0
0
0
0
0
0
0
0
0
0
0
0
0
0
0
0
0
0
0
0
0
0
0
0
0
0
0
0
0
0
0
0
0
0
0
0
0
0
0
0
0
0
0
0
0
0
0
0
0
0
0
0
0
0
0
0
0
0
0
0
0
0
0
0
0
0
0
0
0
0
0
0
0
0
0
0
0
0
0
0
0
0
0
0
0
0
0
0
0
0
0
0
0
0
0
0
0
0
0
0
0
0
0
0
0
0
0
0
0
0
0
0
0
0
0
0
0
0
0
0
0
0
0
0
0
0
0
0
0
0
0
0
0
0
0
0
0
0
0
0
0
0
1
0
0
0
0
0
0
0
0
0
0
0
0
0
0
0
0
0
0
0
0
0
1
0
0
0
0
3
1
3
3
1
1
5
2
6
8
6
4
6
12
10
12
12
14
0
16
5
5
4
4
1
0
0
2
2
1
0
2
2
2
3
2
2
2
3
1
3
5
5
6
2
4
14
11
29
31
23
24
27
25
30
33
36
20
33
60
54
59
55
16
24
32
88
77
52
8
5
169
327
2844
914
670
66
0
0
0
0
0
0
0
0
1
2
0
0
0
0
0
0
0
0
0
0
0
0
0
0
0
0
0
0
0
0
0
0
0
0
0
0
0
0
0
0
0
0
0
0
0
0
0
0
0
0
0
0
0
0
0
0
0
0
0
0
0
0
0
0
0
0
0
0
0
0
0
0
0
0
0
0
0
0
0
0
0
0
0
0
0
0
0
0
0
0
0
0
0
0
0
0
0
0
0
0
0
0
0
0
0
0
0
0
0
0
0
0
0
0
0
0
0
0
0
0
0
0
0
0
0
0
0
0
0
0
0
0
0
0
0
0
0
0
0
0
0
0
0
0
0
0
0
0
0
0
0
0
0
0
0
0
0
0
0
0
0
0
0
0
0
0
0
0
0
0
0
0
0
0
0
0
0
0
0
0
0
0
0
1
1
0
3
1
4
2
4
13
6
9
8
31
7
15
6
15
8
4
4
8
7
3
2
1
2
2
1
2
2
0
0
3
2
1
4
4
3
2
2
4
7
8
8
22
20
26
26
32
35
33
36
26
25
26
33
42
32
72
44
26
15
23
39
80
32
13
2
149
492
1696
1238
556
15
0
0
0
2
0
0
1
2
0
2
0
0
0
0
0
0
0
0
0
0
0
0
0
0
0
0
0
0
0
0
0
0
0
0
0
0
0
0
0
0
0
0
0
0
0
0
0
0
0
0
0
0
0
0
0
0
0
0
0
0
0
0
0
0
0
0
0
0
0
0
0
0
0
0
0
0
0
0
0
0
0
0
0
0
0
0
0
0
0
0
0
0
0
0
0
0
0
0
0
0
0
0
0
0
0
0
0
0
0
0
0
0
0
0
0
0
0
0
0
0
0
0
0
0
0
0
0
0
0
0
0
0
0
0
0
0
0
0
0
0
0
0
0
0
0
0
0
0
0
0
0
0
0
0
0
0
0
0
0
0
0
0
0
0
0
0
0
0
0
1
0
0
0
1
0
0
0
0
0
0
0
1
3
0
4
2
4
2
2
3
10
1
6
9
13
15
16
9
13
10
3
12
2
7
1
4
0
4
1
0
3
1
4
2
3
0
2
2
1
3
1
6
3
3
3
7
15
7
20
22
34
22
30
35
37
41
26
29
36
54
36
46
47
19
15
45
29
39
35
4
7
245
386
2123
519
349
7
0
0
1
1
0
0
2
2
3
2
0
0
0
0
0
0
0
0
0
0
0
0
0
0
0
0
0
0
0
0
0
0
0
0
0
0
0
0
0
0
0
0
0
0
0
0
0
0
0
0
0
0
0
0
0
0
0
0
0
0
0
0
0
0
0
0
0
0
0
0
0
0
0
0
0
0
0
0
0
0
0
0
0
0
0
0
0
0
0
0
0
0
0
0
0
0
0
0
0
0
0
0
0
0
0
0
0
0
0
0
0
0
0
0
0
0
0
0
0
0
0
0
0
0
0
0
0
0
0
0
0
0
0
0
0
0
0
0
0
0
0
0
0
0
0
0
0
0
0
0
0
0
0
0
0
0
0
0
0
0
0
0
0
0
0
0
0
1
0
0
0
0
0
0
0
1
0
0
3
0
1
0
0
7
1
1
5
4
6
0
8
9
6
9
18
9
5
25
0
11
6
7
5
7
3
2
3
1
3
2
2
3
1
3
1
0
1
2
1
3
1
2
4
1
5
6
5
12
15
31
25
29
26
36
36
31
31
25
54
42
49
56
28
16
26
24
36
42
30
5
12
165
710
1983
801
535
0
1
1
0
1
0
1
0
2
2
0
1
0
0
0
0
0
0
0
0
0
0
0
0
0
0
0
0
0
0
0
0
0
0
0
0
0
0
0
0
0
0
0
0
0
0
0
0
0
0
0
0
0
0
0
0
0
0
0
0
0
0
0
0
0
0
0
0
0
0
0
0
0
0
0
0
0
0
0
0
0
0
0
0
0
0
0
0
0
0
0
0
0
0
0
0
0
0
0
0
0
0
0
0
0
0
0
0
0
0
0
0
0
0
0
0
0
0
0
0
0
0
0
0
0
0
0
0
0
0
0
0
0
0
0
0
0
0
0
0
0
0
0
0
0
0
0
0
0
0
0
0
0
0
0
0
0
0
0
0
0
0
0
0
0
0
0
0
0
0
0
0
0
0
0
2
0
0
0
0
1
1
1
1
1
2
2
1
0
1
3
7
4
7
12
12
15
13
13
3
5
5
6
3
1
1
5
4
2
3
1
5
3
4
0
2
2
6
4
4
4
6
5
3
7
8
10
5
14
14
16
22
28
26
30
25
24
26
31
60
61
39
78
76
27
35
40
48
49
19
10
8
340
318
2486
741
240
0
0
0
0
0
0
0
0
0
2
1
0
0
0
0
0
0
0
0
0
0
0
0
0
0
0
0
0
0
0
0
0
0
0
0
0
0
0
0
0
0
0
0
0
0
0
0
0
0
0
0
0
0
0
0
0
0
0
0
0
0
0
0
0
0
0
0
0
0
0
0
0
0
0
0
0
0
0
0
0
0
0
0
0
0
0
0
0
0
0
0
0
0
0
0
0
0
0
0
0
0
0
0
0
0
0
0
0
0
0
0
0
0
0
0
0
0
0
0
0
0
0
0
0
0
0
0
0
0
0
0
0
0
0
0
0
0
0
0
0
0
0
0
0
0
0
0
0
0
0
0
0
0
0
0
0
0
0
0
0
0
0
0
0
0
0
0
0
0
0
0
0
0
0
0
0
0
0
0
0
0
2
0
3
2
1
0
3
0
7
0
4
7
6
6
9
1
8
3
4
8
1
0
1
1
0
1
2
2
0
0
3
0
0
3
3
0
1
2
3
1
2
5
5
2
5
5
6
8
11
18
16
29
33
19
32
29
30
35
33
45
41
87
53
16
27
36
24
56
20
9
12
268
337
2429
577
403
0
2
0
0
0
0
3
2
0
0
1
0
1
0
0
0
0
0
0
0
0
0
0
0
0
0
0
0
0
0
0
0
0
0
0
0
0
0
0
0
0
0
0
0
0
0
0
0
0
0
0
0
0
0
0
0
0
0
0
0
0
0
0
0
0
0
0
0
0
0
0
0
0
0
0
0
0
0
0
0
0
0
0
0
0
0
0
0
0
0
0
0
0
0
0
0
0
0
0
0
0
0
0
0
0
0
0
0
0
0
0
0
0
0
0
0
0
0
0
0
0
0
0
0
0
0
0
0
0
0
0
0
0
0
0
0
0
0
0
0
0
0
0
0
0
0
0
0
0
0
0
0
0
0
0
0
0
0
0
0
0
0
0
0
0
0
0
0
0
0
0
0
0
0
0
0
0
0
0
1
1
0
2
1
1
4
2
2
0
3
3
10
3
9
5
5
12
7
4
4
3
0
1
4
0
3
1
0
2
0
4
1
0
2
1
2
3
3
2
2
6
2
2
3
4
6
3
8
11
10
22
20
28
21
23
32
30
32
25
37
34
39
104
47
23
23
21
21
38
25
13
10
585
527
3481
774
300
0
0
1
0
0
1
1
1
0
2
0
0
1
0
0
0
0
0
0
0
0
0
0
0
0
0
0
0
0
0
0
0
0
0
0
0
0
0
0
0
0
0
0
0
0
0
0
0
0
0
0
0
0
0
0
0
0
0
0
0
0
0
0
0
0
0
0
0
0
0
0
0
0
0
0
0
0
0
0
0
0
0
0
0
0
0
0
0
0
0
0
0
0
0
0
0
0
0
0
0
0
0
0
0
0
0
0
0
0
0
0
0
0
0
0
0
0
0
0
0
0
0
0
0
0
0
0
0
0
0
0
0
0
0
0
0
0
0
0
0
0
0
0
0
0
0
0
0
0
0
0
0
0
0
0
0
0
0
0
0
0
0
0
0
0
0
0
1
0
0
0
0
0
0
0
0
0
1
0
0
2
0
1
0
6
1
0
5
4
2
0
6
6
4
8
9
4
4
3
7
2
5
0
1
2
3
1
3
4
2
4
2
1
3
1
1
3
2
1
1
2
6
2
4
5
2
11
8
11
18
12
22
25
27
27
40
26
24
36
48
69
74
100
54
26
25
30
39
24
18
9
37
355
447
2070
835
166
0
1
0
1
0
0
0
0
2
1
0
0
0
0
0
0
0
0
0
0
0
0
0
0
0
0
0
0
0
0
0
0
0
0
0
0
0
0
0
0
0
0
0
0
0
0
0
0
0
0
0
0
0
0
0
0
0
0
0
0
0
0
0
0
0
0
0
0
0
0
0
0
0
0
0
0
0
0
0
0
0
0
0
0
0
0
0
0
0
0
0
0
0
0
0
0
0
0
0
0
0
0
0
0
0
0
0
0
0
0
0
0
0
0
0
0
0
0
0
0
0
0
0
0
0
0
0
0
0
0
0
0
0
0
0
0
0
0
0
0
0
0
0
0
0
0
0
0
0
0
0
0
0
0
0
0
0
0
0
0
0
0
0
0
0
0
0
0
1
0
0
0
0
0
0
1
3
0
1
1
0
0
1
1
0
1
2
3
1
2
3
4
3
7
6
13
0
0
6
0
8
0
2
2
1
1
3
1
0
2
2
3
0
3
3
2
3
0
1
4
6
4
5
4
7
8
5
3
9
19
21
19
27
26
25
35
22
21
26
40
45
41
98
73
33
29
24
36
34
13
11
23
633
537
2159
1061
268
0
0
0
0
1
0
0
1
0
1
0
0
0
0
0
0
0
0
0
0
0
0
0
0
0
0
0
0
0
0
0
0
0
0
0
0
0
0
0
0
0
0
0
0
0
0
0
0
0
0
0
0
0
0
0
0
0
0
0
0
0
0
0
0
0
0
0
0
0
0
0
0
0
0
0
0
0
0
0
0
0
0
0
0
0
0
0
0
0
0
0
0
0
0
0
0
0
0
0
0
0
0
0
0
0
0
0
0
0
0
0
0
0
0
0
0
0
0
0
0
0
0
0
0
0
0
0
0
0
0
0
0
0
0
0
0
0
0
0
0
0
0
0
0
0
0
0
0
0
0
0
0
0
0
0
0
0
0
0
0
0
0
0
0
0
0
0
0
0
0
0
0
0
0
1
1
0
2
0
0
2
0
0
0
3
2
0
4
2
6
0
10
6
3
9
3
3
6
4
4
3
3
4
3
3
0
1
3
3
0
0
1
2
4
2
0
2
2
2
3
0
2
0
6
3
3
8
7
14
13
15
22
24
28
29
34
34
30
19
41
56
49
105
66
28
24
20
17
29
7
8
26
543
315
3543
1085
75
0
0
0
2
0
0
0
0
2
0
0
0
0
0
0
0
0
0
0
0
0
0
0
0
0
0
0
0
0
0
0
0
0
0
0
0
0
0
0
0
0
0
0
0
0
0
0
0
0
0
0
0
0
0
0
0
0
0
0
0
0
0
0
0
0
0
0
0
0
0
0
0
0
0
0
0
0
0
0
0
0
0
0
0
0
0
0
0
0
0
0
0
0
0
0
0
0
0
0
0
0
0
0
0
0
0
0
0
0
0
0
0
0
0
0
0
0
0
0
0
0
0
0
0
0
0
0
0
0
0
0
0
0
0
0
0
0
0
0
0
0
0
0
0
0
0
0
0
0
0
0
0
0
0
0
0
0
0
0
0
0
0
0
0
0
0
0
0
0
0
0
0
0
0
0
0
2
1
1
0
1
1
2
1
1
2
1
3
4
4
4
2
4
3
4
5
0
4
0
2
6
2
0
1
1
0
2
0
1
1
0
0
1
3
3
0
3
4
1
2
3
7
1
3
5
4
8
5
11
9
17
21
33
19
29
33
20
21
29
60
36
35
192
75
16
30
36
30
37
10
4
211
426
1284
2555
978
20
0
0
0
0
0
1
0
0
1
1
0
0
0
0
0
0
0
0
0
0
0
0
0
0
0
0
0
0
0
0
0
0
0
0
0
0
0
0
0
0
0
0
0
0
0
0
0
0
0
0
0
0
0
0
0
0
0
0
0
0
0
0
0
0
0
0
0
0
0
0
0
0
0
0
0
0
0
0
0
0
0
0
0
0
0
0
0
0
0
0
0
0
0
0
0
0
0
0
0
0
0
0
0
0
0
0
0
0
0
0
0
0
0
0
0
0
0
0
0
0
0
0
0
0
0
0
0
0
0
0
0
0
0
0
0
0
0
0
0
0
0
0
0
0
0
0
0
0
0
0
0
0
0
0
0
0
0
0
0
0
0
0
0
0
0
0
0
0
0
0
0
1
0
0
0
0
0
2
0
2
0
0
2
1
1
2
0
1
2
4
5
7
1
10
1
7
6
1
5
0
2
0
2
0
0
2
1
0
1
1
0
1
0
2
2
3
1
1
3
3
1
3
9
1
0
6
8
8
9
17
20
20
25
26
34
33
21
24
29
43
44
52
267
56
15
38
21
12
14
12
1
47
544
1530
2489
952
30
0
0
0
0
0
1
0
0
0
0
0
0
0
0
0
0
0
0
0
0
0
0
0
0
0
0
0
0
0
0
0
0
0
0
0
0
0
0
0
0
0
0
0
0
0
0
0
0
0
0
0
0
0
0
0
0
0
0
0
0
0
0
0
0
0
0
0
0
0
0
0
0
0
0
0
0
0
0
0
0
0
0
0
0
0
0
0
0
0
0
0
0
0
0
0
0
0
0
0
0
0
0
0
0
0
0
0
0
0
0
0
0
0
0
0
0
0
0
0
0
0
0
0
0
0
0
0
0
0
0
0
0
0
0
0
0
0
0
0
0
0
0
0
0
0
0
0
0
0
0
0
0
0
0
0
0
0
0
0
0
0
0
0
0
0
0
0
0
0
0
0
0
0
0
0
1
0
0
0
0
2
3
1
2
1
0
2
0
0
7
0
0
7
2
8
5
3
1
2
0
1
1
0
1
2
1
0
1
1
0
0
1
0
2
0
1
3
1
1
4
3
2
4
4
5
4
8
5
18
17
22
25
32
30
18
29
17
28
29
55
47
52
300
79
22
43
26
8
20
15
10
85
674
551
2393
645
2
0
0
0
1
0
0
1
1
0
0
0
0
0
0
0
0
0
0
0
0
0
0
0
0
0
0
0
0
0
0
0
0
0
0
0
0
0
0
0
0
0
0
0
0
0
0
0
0
0
0
0
0
0
0
0
0
0
0
0
0
0
0
0
0
0
0
0
0
0
0
0
0
0
0
0
0
0
0
0
0
0
0
0
0
0
0
0
0
0
0
0
0
0
0
0
0
0
0
0
0
0
0
0
0
0
0
0
0
0
0
0
0
0
0
0
0
0
0
0
0
0
0
0
0
0
0
0
0
0
0
0
0
0
0
0
0
0
0
0
0
0
0
0
0
0
0
0
0
0
0
0
0
0
0
0
0
0
0
0
0
0
0
0
0
0
0
0
0
0
0
0
0
0
0
0
2
1
0
1
2
1
1
5
0
3
1
1
4
0
2
2
3
3
4
1
6
4
7
3
1
1
1
0
1
1
0
3
0
0
0
1
1
1
4
3
0
1
2
2
1
6
3
3
5
3
6
4
8
11
16
21
24
31
31
15
32
30
25
38
40
60
60
284
74
25
29
22
17
12
8
4
116
730
1376
1907
918
7
0
0
0
3
1
2
0
1
1
0
0
0
0
0
0
0
0
0
0
0
0
0
0
0
0
0
0
0
0
0
0
0
0
0
0
0
0
0
0
0
0
0
0
0
0
0
0
0
0
0
0
0
0
0
0
0
0
0
0
0
0
0
0
0
0
0
0
0
0
0
0
0
0
0
0
0
0
0
0
0
0
0
0
0
0
0
0
0
0
0
0
0
0
0
0
0
0
0
0
0
0
0
0
0
0
0
0
0
0
0
0
0
0
0
0
0
0
0
0
0
0
0
0
0
0
0
0
0
0
0
0
0
0
0
0
0
0
0
0
0
0
0
0
0
0
0
0
0
0
0
0
0
0
0
0
0
0
0
0
0
0
0
0
0
0
0
0
0
0
0
0
0
1
0
0
1
0
1
2
1
2
2
2
2
0
1
3
1
7
3
1
7
4
0
3
1
8
0
3
0
4
0
2
2
2
2
0
5
0
1
2
1
1
2
2
1
4
1
1
1
1
0
2
3
5
1
9
10
11
18
15
26
22
28
28
43
30
23
38
41
63
47
484
34
23
30
11
10
12
12
9
198
612
721
2048
410
0
0
0
0
0
0
1
0
0
0
0
0
0
0
0
0
0
0
0
0
0
0
0
0
0
0
0
0
0
0
0
0
0
0
0
0
0
0
0
0
0
0
0
0
0
0
0
0
0
0
0
0
0
0
0
0
0
0
0
0
0
0
0
0
0
0
0
0
0
0
0
0
0
0
0
0
0
0
0
0
0
0
0
0
0
0
0
0
0
0
0
0
0
0
0
0
0
0
0
0
0
0
0
0
0
0
0
0
0
0
0
0
0
0
0
0
0
0
0
0
0
0
0
0
0
0
0
0
0
0
0
0
0
0
0
0
0
0
0
0
0
0
0
0
0
0
0
0
0
0
0
0
0
0
0
0
0
0
0
0
0
0
0
0
0
0
0
0
0
0
0
0
0
0
1
4
1
0
0
2
1
0
0
1
4
1
1
1
5
1
4
3
1
3
0
1
4
0
3
2
7
2
2
1
1
0
1
0
0
0
4
3
0
1
2
1
0
2
3
2
2
1
3
0
6
3
4
0
6
9
17
15
26
29
28
37
34
18
20
29
52
61
143
513
55
37
29
27
18
11
3
17
64
597
1097
2129
395
0
0
0
0
0
0
1
0
0
0
0
0
0
0
0
0
0
0
0
0
0
0
0
0
0
0
0
0
0
0
0
0
0
0
0
0
0
0
0
0
0
0
0
0
0
0
0
0
0
0
0
0
0
0
0
0
0
0
0
0
0
0
0
0
0
0
0
0
0
0
0
0
0
0
0
0
0
0
0
0
0
0
0
0
0
0
0
0
0
0
0
0
0
0
0
0
0
0
0
0
0
0
0
0
0
0
0
0
0
0
0
0
0
0
0
0
0
0
0
0
0
0
0
0
0
0
0
0
0
0
0
0
0
0
0
0
0
0
0
0
0
0
0
0
0
0
0
0
0
0
0
0
0
0
0
0
0
0
0
0
0
0
0
0
0
0
0
0
0
0
0
0
0
1
0
1
0
1
1
1
1
1
1
0
0
1
2
1
3
5
2
3
9
1
7
0
4
6
1
2
2
1
3
0
2
1
2
2
0
2
0
0
1
1
1
0
0
1
2
1
1
2
2
1
3
6
3
5
11
17
15
21
27
30
26
33
32
25
21
15
56
54
61
681
85
31
25
10
11
15
7
16
156
929
1064
2244
566
0
1
0
0
1
0
0
0
0
0
0
0
0
0
0
0
0
0
0
0
0
0
0
0
0
0
0
0
0
0
0
0
0
0
0
0
0
0
0
0
0
0
0
0
0
0
0
0
0
0
0
0
0
0
0
0
0
0
0
0
0
0
0
0
0
0
0
0
0
0
0
0
0
0
0
0
0
0
0
0
0
0
0
0
0
0
0
0
0
0
0
0
0
0
0
0
0
0
0
0
0
0
0
0
0
0
0
0
0
0
0
0
0
0
0
0
0
0
0
0
0
0
0
0
0
0
0
0
0
0
0
0
0
0
0
0
0
0
0
0
0
0
0
0
0
0
0
0
0
0
0
0
0
0
0
0
0
0
0
0
0
0
0
0
0
0
0
0
0
0
0
0
0
3
0
0
0
1
0
1
0
1
1
0
1
2
2
2
3
0
5
12
3
4
1
2
5
5
2
2
1
1
1
4
2
0
2
0
1
2
4
0
0
2
1
0
3
3
1
0
2
1
1
3
1
6
3
9
14
13
11
20
13
25
33
29
22
27
20
27
61
31
93
568
44
40
37
21
7
13
9
8
58
756
1978
2115
212
0
0
0
1
0
0
0
0
0
0
0
0
0
0
0
0
0
0
0
0
0
0
0
0
0
0
0
0
0
0
0
0
0
0
0
0
0
0
0
0
0
0
0
0
0
0
0
0
0
0
0
0
0
0
0
0
0
0
0
0
0
0
0
0
0
0
0
0
0
0
0
0
0
0
0
0
0
0
0
0
0
0
0
0
0
0
0
0
0
0
0
0
0
0
0
0
0
0
0
0
0
0
0
0
0
0
0
0
0
0
0
0
0
0
0
0
0
0
0
0
0
0
0
0
0
0
0
0
0
0
0
0
0
0
0
0
0
0
0
0
0
0
0
0
0
0
0
0
0
0
0
0
0
0
0
0
0
0
0
0
0
0
0
0
0
0
0
0
0
0
0
0
1
0
1
1
0
1
0
2
1
1
2
1
7
0
2
4
3
1
6
2
7
2
7
2
2
2
2
0
0
1
0
1
1
0
2
0
1
2
0
2
4
1
2
1
2
1
4
0
3
4
3
2
3
9
4
8
11
12
13
28
20
28
22
26
23
32
33
32
41
45
58
1039
42
21
29
18
16
12
8
13
116
848
1638
1739
69
0
0
0
0
0
1
0
0
0
0
0
0
0
0
0
0
0
0
0
0
0
0
0
0
0
0
0
0
0
0
0
0
0
0
0
0
0
0
0
0
0
0
0
0
0
0
0
0
0
0
0
0
0
0
0
0
0
0
0
0
0
0
0
0
0
0
0
0
0
0
0
0
0
0
0
0
0
0
0
0
0
0
0
0
0
0
0
0
0
0
0
0
0
0
0
0
0
0
0
0
0
0
0
0
0
0
0
0
0
0
0
0
0
0
0
0
0
0
0
0
0
0
0
0
0
0
0
0
0
0
0
0
0
0
0
0
0
0
0
0
0
0
0
0
0
0
0
0
0
0
0
0
0
0
0
0
0
0
0
0
0
0
0
0
0
0
0
0
0
0
0
0
0
0
0
0
1
0
1
1
2
0
0
30
2
0
16
1
0
12
0
10
6
1
3
1
1
0
3
4
3
1
2
0
1
1
0
2
1
1
1
1
2
1
1
1
1
1
2
1
3
2
2
4
5
9
7
17
5
10
14
26
25
21
20
20
22
16
17
29
45
47
142
588
68
42
58
29
15
14
10
56
88
1415
1958
633
52
1
0
1
0
0
1
0
0
0
0
0
0
0
0
0
0
0
0
0
0
0
0
0
0
0
0
0
0
0
0
0
0
0
0
0
0
0
0
0
0
0
0
0
0
0
0
0
0
0
0
0
0
0
0
0
0
0
0
0
0
0
0
0
0
0
0
0
0
0
0
0
0
0
0
0
0
0
0
0
0
0
0
0
0
0
0
0
0
0
0
0
0
0
0
0
0
0
0
0
0
0
0
0
0
0
0
0
0
0
0
0
0
0
0
0
0
0
0
0
0
0
0
0
0
0
0
0
0
0
0
0
0
0
0
0
0
0
0
0
0
0
0
0
0
0
0
0
0
0
0
0
0
0
0
0
0
0
0
0
0
0
0
0
0
0
0
0
0
0
0
0
1
0
0
2
1
0
0
0
0
1
0
18
0
0
18
1
0
12
0
5
2
3
1
6
7
0
1
1
3
0
0
4
1
3
0
0
2
1
1
2
1
0
1
1
1
2
1
3
1
3
1
4
2
6
10
7
9
8
10
18
19
27
24
19
17
25
18
14
37
59
68
62
810
50
19
37
21
20
13
7
17
158
696
2979
619
0
0
0
2
0
5
0
0
0
0
0
0
0
0
0
0
0
0
0
0
0
0
0
0
0
0
0
0
0
0
0
0
0
0
0
0
0
0
0
0
0
0
0
0
0
0
0
0
0
0
0
0
0
0
0
0
0
0
0
0
0
0
0
0
0
0
0
0
0
0
0
0
0
0
0
0
0
0
0
0
0
0
0
0
0
0
0
0
0
0
0
0
0
0
0
0
0
0
0
0
0
0
0
0
0
0
0
0
0
0
0
0
0
0
0
0
0
0
0
0
0
0
0
0
0
0
0
0
0
0
0
0
0
0
0
0
0
0
0
0
0
0
0
0
0
0
0
0
0
0
0
0
0
0
0
0
0
0
0
0
0
0
0
0
0
0
0
0
0
0
0
0
0
0
1
1
0
0
1
6
0
0
10
0
1
6
0
4
0
8
13
0
10
1
7
9
2
9
3
2
0
2
6
1
2
1
1
2
0
1
0
0
1
3
1
0
0
1
0
3
2
2
0
1
3
1
9
9
6
8
8
18
16
18
22
22
16
21
14
27
23
56
83
95
874
50
46
39
30
17
12
13
36
358
1440
2295
785
5
0
0
0
2
2
1
0
0
0
0
0
0
0
0
0
0
0
0
0
0
0
0
0
0
0
0
0
0
0
0
0
0
0
0
0
0
0
0
0
0
0
0
0
0
0
0
0
0
0
0
0
0
0
0
0
0
0
0
0
0
0
0
0
0
0
0
0
0
0
0
0
0
0
0
0
0
0
0
0
0
0
0
0
0
0
0
0
0
0
0
0
0
0
0
0
0
0
0
0
0
0
0
0
0
0
0
0
0
0
0
0
0
0
0
0
0
0
0
0
0
0
0
0
0
0
0
0
0
0
0
0
0
0
0
0
0
0
0
0
0
0
0
0
0
0
0
0
0
0
0
0
0
0
0
0
0
0
0
0
0
0
0
0
0
0
0
0
0
0
0
0
0
0
1
0
1
1
33
2
0
19
1
1
0
0
2
0
4
2
1
5
0
11
1
0
3
0
7
0
10
0
1
1
3
1
1
1
0
1
1
2
2
3
0
3
0
1
2
3
3
2
2
3
1
4
8
13
5
7
12
9
22
11
18
20
15
25
34
37
42
40
55
95
717
60
19
33
26
16
14
5
38
198
1316
2255
419
2
0
0
0
3
2
0
0
0
0
0
0
0
0
0
0
0
0
0
0
0
0
0
0
0
0
0
0
0
0
0
0
0
0
0
0
0
0
0
0
0
0
0
0
0
0
0
0
0
0
0
0
0
0
0
0
0
0
0
0
0
0
0
0
0
0
0
0
0
0
0
0
0
0
0
0
0
0
0
0
0
0
0
0
0
0
0
0
0
0
0
0
0
0
0
0
0
0
0
0
0
0
0
0
0
0
0
0
0
0
0
0
0
0
0
0
0
0
0
0
0
0
0
0
0
0
0
0
0
0
0
0
0
0
0
0
0
0
0
0
0
0
0
0
0
0
0
0
0
0
0
0
0
0
0
0
0
0
0
0
0
0
0
0
0
0
0
0
0
0
0
0
0
0
0
0
0
5
1
44
1
0
11
0
0
7
0
5
0
5
2
0
5
5
0
4
5
3
1
2
7
9
1
1
5
1
5
0
1
2
2
1
1
2
2
2
1
2
2
1
5
0
3
3
0
5
9
8
7
7
10
17
9
16
16
12
18
24
17
28
27
64
80
83
888
42
32
35
20
17
13
17
50
234
514
1815
228
0
0
0
0
2
0
0
1
0
0
0
0
0
0
0
0
0
0
0
0
0
0
0
0
0
0
0
0
0
0
0
0
0
0
0
0
0
0
0
0
0
0
0
0
0
0
0
0
0
0
0
0
0
0
0
0
0
0
0
0
0
0
0
0
0
0
0
0
0
0
0
0
0
0
0
0
0
0
0
0
0
0
0
0
0
0
0
0
0
0
0
0
0
0
0
0
0
0
0
0
0
0
0
0
0
0
0
0
0
0
0
0
0
0
0
0
0
0
0
0
0
0
0
0
0
0
0
0
0
0
0
0
0
0
0
0
0
0
0
0
0
0
0
0
0
0
0
0
0
0
0
0
0
0
0
0
0
0
0
0
0
0
0
0
0
0
0
0
0
0
0
0
0
0
1
1
1
1
8
1
0
16
3
1
43
0
24
0
20
0
4
0
6
0
11
1
0
6
4
5
2
6
2
7
4
1
2
0
0
5
0
2
0
3
1
1
1
2
2
2
1
0
2
2
3
4
4
6
12
15
14
14
17
10
7
16
37
25
32
27
32
49
68
71
908
79
43
39
31
20
8
8
139
355
884
890
154
0
0
2
0
0
1
0
0
0
0
0
0
0
0
0
0
0
0
0
0
0
0
0
0
0
0
0
0
0
0
0
0
0
0
0
0
0
0
0
0
0
0
0
0
0
0
0
0
0
0
0
0
0
0
0
0
0
0
0
0
0
0
0
0
0
0
0
0
0
0
0
0
0
0
0
0
0
0
0
0
0
0
0
0
0
0
0
0
0
0
0
0
0
0
0
0
0
0
0
0
0
0
0
0
0
0
0
0
0
0
0
0
0
0
0
0
0
0
0
0
0
0
0
0
0
0
0
0
0
0
0
0
0
0
0
0
0
0
0
0
0
0
0
0
0
0
0
0
0
0
0
0
0
0
0
0
0
0
0
0
0
0
0
0
0
0
0
0
0
0
0
0
0
0
1
0
0
3
0
0
17
0
1
22
0
105
0
83
1
85
6
3
0
5
0
1
4
2
4
4
3
0
4
6
0
9
0
0
1
1
2
3
1
1
2
2
2
2
1
5
1
2
1
1
2
0
4
4
11
10
8
20
16
10
26
22
30
31
15
19
35
63
48
117
690
33
36
34
22
13
14
7
145
149
1257
1049
71
0
0
0
1
0
1
0
0
0
0
0
0
0
0
0
0
0
0
0
0
0
0
0
0
0
0
0
0
0
0
0
0
0
0
0
0
0
0
0
0
0
0
0
0
0
0
0
0
0
0
0
0
0
0
0
0
0
0
0
0
0
0
0
0
0
0
0
0
0
0
0
0
0
0
0
0
0
0
0
0
0
0
0
0
0
0
0
0
0
0
0
0
0
0
0
0
0
0
0
0
0
0
0
0
0
0
0
0
0
0
0
0
0
0
0
0
0
0
0
0
0
0
0
0
0
0
0
0
0
0
0
0
0
0
0
0
0
0
0
0
0
0
0
0
0
0
0
0
0
0
0
0
0
0
0
0
0
0
0
0
0
0
0
0
0
0
0
0
0
0
0
0
0
0
1
0
2
0
0
1
1
0
2
0
9
0
16
0
10
63
2
33
0
9
0
5
2
0
6
2
0
6
4
3
0
2
1
3
2
0
0
2
2
2
0
0
1
2
1
0
1
1
1
3
0
4
2
3
13
4
8
5
10
10
16
15
26
26
18
18
45
55
73
97
1250
67
42
45
25
9
15
11
189
504
1064
436
19
1
0
0
0
0
0
0
0
0
0
0
0
0
0
0
0
0
0
0
0
0
0
0
0
0
0
0
0
0
0
0
0
0
0
0
0
0
0
0
0
0
0
0
0
0
0
0
0
0
0
0
0
0
0
0
0
0
0
0
0
0
0
0
0
0
0
0
0
0
0
0
0
0
0
0
0
0
0
0
0
0
0
0
0
0
0
0
0
0
0
0
0
0
0
0
0
0
0
0
0
0
0
0
0
0
0
0
0
0
0
0
0
0
0
0
0
0
0
0
0
0
0
0
0
0
0
0
0
0
0
0
0
0
0
0
0
0
0
0
0
0
0
0
0
0
0
0
0
0
0
0
0
0
0
0
0
0
0
0
0
0
0
0
0
0
0
0
0
0
0
0
0
0
1
1
0
0
1
0
0
0
0
2
1
5
1
1
2
6
1
5
1
9
0
10
16
0
8
3
4
3
1
4
1
6
1
7
3
1
5
0
3
0
1
2
2
3
3
2
2
0
1
2
3
1
4
5
5
10
9
8
6
11
9
20
10
29
19
20
17
39
62
92
180
770
90
52
52
28
13
18
12
263
295
1491
447
1
0
0
0
0
0
1
0
0
0
0
0
0
0
0
0
0
0
0
0
0
0
0
0
0
0
0
0
0
0
0
0
0
0
0
0
0
0
0
0
0
0
0
0
0
0
0
0
0
0
0
0
0
0
0
0
0
0
0