1024000
0
0
0
0
0
0
0
0
0
0
0
0
0
0
0
0
0
0
0
0
0
0
11
0
7
3
0
0
0
0
113
164
0
17
0
1
5
88
12
12
19
15
6
5
5
8
13
4
5
6
8
10
3
11
16
20
8
15
31
45
31
46
88
40
254
269
131
135
19
2
1
1
1
1
0
0
0
0
0
0
1
2
0
2
0
0
1
0
3
2
2
15
3
0
2
2
3
0
0
4
0
2
1
0
0
1
0
0
0
0
0
0
0
0
0
0
0
0
0
0
0
0
0
0
0
0
0
0
0
0
0
0
0
0
0
0
0
0
0
0
0
0
0
0
0
0
0
0
0
0
0
0
0
0
0
0
0
0
0
0
0
0
0
0
0
0
0
0
0
0
0
0
0
0
0
0
0
0
0
0
0
0
0
0
0
0
0
0
0
0
0
0
0
0
0
0
0
0
0
0
0
0
0
0
0
0
0
0
0
0
0
0
0
0
0
0
0
0
0
0
0
0
0
0
0
0
0
0
0
0
0
0
0
0
0
0
0
0
0
0
0
0
0
0
0
0
0
0
0
0
0
0
0
0
0
0
0
0
0
0
0
0
0
0
0
0
0
0
0
0
0
0
0
0
0
0
0
0
8
10
0
2
2
1
0
0
1
62
40
2
2
8
1
118
0
5
5
8
9
2
8
5
4
12
5
3
22
1
14
5
5
16
13
27
20
29
44
54
60
126
153
161
226
109
75
9
5
0
0
2
0
1
0
0
1
1
0
0
2
3
1
0
4
1
1
0
1
0
3
4
1
5
4
4
1
1
2
1
0
1
5
1
0
0
0
0
0
0
0
0
0
0
0
0
0
0
0
0
0
0
0
0
0
0
0
0
0
0
0
0
0
0
0
0
0
0
0
0
0
0
0
0
0
0
0
0
0
0
0
0
0
0
0
0
0
0
0
0
0
0
0
0
0
0
0
0
0
0
0
0
0
0
0
0
0
0
0
0
0
0
0
0
0
0
0
0
0
0
0
0
0
0
0
0
0
0
0
0
0
0
0
0
0
0
0
0
0
0
0
0
0
0
0
0
0
0
0
0
0
0
0
0
0
0
0
0
0
0
0
0
0
0
0
0
0
0
0
0
0
0
0
0
0
0
0
0
0
0
0
0
0
0
0
0
0
0
0
0
0
0
0
0
0
0
0
0
0
0
0
0
0
0
0
0
0
8
0
6
0
0
1
1
0
223
10
11
1
0
3
71
29
8
8
22
19
6
5
9
7
3
14
6
10
19
4
3
10
15
7
2
18
37
23
67
51
67
65
82
105
200
242
115
10
1
2
1
0
1
1
1
1
0
3
0
0
3
2
3
0
1
1
1
0
1
1
17
11
1
8
2
8
0
0
0
2
0
1
0
18
1
2
0
0
0
0
0
0
0
0
0
0
0
0
0
0
0
0
0
0
0
0
0
0
0
0
0
0
0
0
0
0
0
0
0
0
0
0
0
0
0
0
0
0
0
0
0
0
0
0
0
0
0
0
0
0
0
0
0
0
0
0
0
0
0
0
0
0
0
0
0
0
0
0
0
0
0
0
0
0
0
0
0
0
0
0
0
0
0
0
0
0
0
0
0
0
0
0
0
0
0
0
0
0
0
0
0
0
0
0
0
0
0
0
0
0
0
0
0
0
0
0
0
0
0
0
0
0
0
0
0
0
0
0
0
0
0
0
0
0
0
0
0
0
0
0
0
0
0
0
0
0
0
0
0
0
0
0
0
0
0
0
0
0
0
0
0
0
0
0
0
0
20
11
0
0
1
1
0
1
0
188
2
0
4
0
76
67
6
3
18
22
11
4
5
13
13
19
8
13
18
2
13
5
3
8
11
16
9
36
24
66
28
55
130
191
165
279
92
32
21
4
2
2
3
0
0
0
0
0
1
0
0
1
2
2
2
1
2
1
3
4
0
4
4
6
3
0
5
6
2
0
0
0
0
5
1
3
1
1
0
0
0
0
0
0
0
0
0
0
0
0
0
0
0
0
0
0
0
0
0
0
0
0
0
0
0
0
0
0
0
0
0
0
0
0
0
0
0
0
0
0
0
0
0
0
0
0
0
0
0
0
0
0
0
0
0
0
0
0
0
0
0
0
0
0
0
0
0
0
0
0
0
0
0
0
0
0
0
0
0
0
0
0
0
0
0
0
0
0
0
0
0
0
0
0
0
0
0
0
0
0
0
0
0
0
0
0
0
0
0
0
0
0
0
0
0
0
0
0
0
0
0
0
0
0
0
0
0
0
0
0
0
0
0
0
0
0
0
0
0
0
0
0
0
0
0
0
0
0
0
0
0
0
0
0
0
0
0
0
0
0
0
0
0
0
0
0
6
19
4
1
1
1
0
1
0
65
31
0
0
0
5
114
16
5
2
22
1
1
1
10
0
10
9
3
17
6
8
15
4
25
5
25
12
15
36
45
34
48
34
63
84
108
527
225
36
11
1
1
1
0
1
0
0
0
1
5
1
1
6
0
0
2
4
1
3
9
2
9
10
2
2
10
0
6
5
0
0
0
0
3
7
4
4
10
0
0
0
0
0
0
0
0
0
0
0
0
0
0
0
0
0
0
0
0
0
0
0
0
0
0
0
0
0
0
0
0
0
0
0
0
0
0
0
0
0
0
0
0
0
0
0
0
0
0
0
0
0
0
0
0
0
0
0
0
0
0
0
0
0
0
0
0
0
0
0
0
0
0
0
0
0
0
0
0
0
0
0
0
0
0
0
0
0
0
0
0
0
0
0
0
0
0
0
0
0
0
0
0
0
0
0
0
0
0
0
0
0
0
0
0
0
0
0
0
0
0
0
0
0
0
0
0
0
0
0
0
0
0
0
0
0
0
0
0
0
0
0
0
0
0
0
0
0
0
0
0
0
0
0
0
0
0
0
0
0
0
0
0
0
0
0
0
0
17
4
0
0
1
0
0
0
205
0
3
5
2
0
54
20
5
0
26
17
6
2
9
24
13
8
9
11
4
2
21
9
19
12
13
7
19
9
32
42
51
42
62
43
73
264
262
171
118
32
2
1
0
2
1
1
0
0
0
1
2
0
0
4
2
0
2
1
2
4
1
8
3
2
3
2
0
0
1
0
1
1
2
6
0
4
2
0
0
0
0
0
0
0
0
0
0
0
0
0
0
0
0
0
0
0
0
0
0
0
0
0
0
0
0
0
0
0
0
0
0
0
0
0
0
0
0
0
0
0
0
0
0
0
0
0
0
0
0
0
0
0
0
0
0
0
0
0
0
0
0
0
0
0
0
0
0
0
0
0
0
0
0
0
0
0
0
0
0
0
0
0
0
0
0
0
0
0
0
0
0
0
0
0
0
0
0
0
0
0
0
0
0
0
0
0
0
0
0
0
0
0
0
0
0
0
0
0
0
0
0
0
0
0
0
0
0
0
0
0
0
0
0
0
0
0
0
0
0
0
0
0
0
0
0
0
0
0
0
0
0
0
0
0
0
0
0
0
0
0
0
0
0
0
0
0
14
0
0
0
0
0
0
1
0
156
24
0
1
4
1
128
7
7
11
20
6
6
15
17
6
14
12
25
9
6
8
5
3
11
15
14
2
17
9
25
44
46
49
27
158
80
303
392
87
98
39
7
2
0
1
2
0
0
1
0
1
2
2
1
1
0
0
1
3
1
1
7
9
13
2
4
2
4
1
0
0
0
0
0
1
1
2
3
0
0
0
0
0
0
0
0
0
0
0
0
0
0
0
0
0
0
0
0
0
0
0
0
0
0
0
0
0
0
0
0
0
0
0
0
0
0
0
0
0
0
0
0
0
0
0
0
0
0
0
0
0
0
0
0
0
0
0
0
0
0
0
0
0
0
0
0
0
0
0
0
0
0
0
0
0
0
0
0
0
0
0
0
0
0
0
0
0
0
0
0
0
0
0
0
0
0
0
0
0
0
0
0
0
0
0
0
0
0
0
0
0
0
0
0
0
0
0
0
0
0
0
0
0
0
0
0
0
0
0
0
0
0
0
0
0
0
0
0
0
0
0
0
0
0
0
0
0
0
0
0
0
0
0
0
0
0
0
0
0
0
0
0
0
0
0
0
0
16
1
2
0
0
0
0
0
77
0
1
13
0
1
102
38
13
5
28
3
8
3
6
10
7
12
9
20
14
7
7
6
7
12
5
14
9
25
28
23
37
57
63
54
60
92
284
570
208
31
52
3
0
3
1
1
0
0
0
1
0
0
1
2
2
3
2
3
5
2
12
2
5
8
4
0
3
3
3
0
0
0
1
0
0
3
5
2
0
0
0
0
0
0
0
0
0
0
0
0
0
0
0
0
0
0
0
0
0
0
0
0
0
0
0
0
0
0
0
0
0
0
0
0
0
0
0
0
0
0
0
0
0
0
0
0
0
0
0
0
0
0
0
0
0
0
0
0
0
0
0
0
0
0
0
0
0
0
0
0
0
0
0
0
0
0
0
0
0
0
0
0
0
0
0
0
0
0
0
0
0
0
0
0
0
0
0
0
0
0
0
0
0
0
0
0
0
0
0
0
0
0
0
0
0
0
0
0
0
0
0
0
0
0
0
0
0
0
0
0
0
0
0
0
0
0
0
0
0
0
0
0
0
0
0
0
0
0
0
0
0
0
0
0
0
0
0
0
0
0
0
0
0
0
0
0
14
2
2
0
0
1
0
0
111
14
43
2
0
1
75
0
2
1
20
6
5
4
17
9
2
9
6
19
7
5
15
2
8
9
13
4
24
10
11
8
38
35
47
55
49
180
94
308
142
508
130
29
5
1
2
1
4
1
1
2
2
0
0
2
3
2
0
2
0
6
7
20
3
11
3
4
6
5
1
0
0
0
0
0
0
2
7
1
0
0
0
0
0
0
0
0
0
0
0
0
0
0
0
0
0
0
0
0
0
0
0
0
0
0
0
0
0
0
0
0
0
0
0
0
0
0
0
0
0
0
0
0
0
0
0
0
0
0
0
0
0
0
0
0
0
0
0
0
0
0
0
0
0
0
0
0
0
0
0
0
0
0
0
0
0
0
0
0
0
0
0
0
0
0
0
0
0
0
0
0
0
0
0
0
0
0
0
0
0
0
0
0
0
0
0
0
0
0
0
0
0
0
0
0
0
0
0
0
0
0
0
0
0
0
0
0
0
0
0
0
0
0
0
0
0
0
0
0
0
0
0
0
0
0
0
0
0
0
0
0
0
0
0
0
0
0
0
0
0
0
0
0
0
0
0
0
11
0
2
2
0
0
0
1
0
109
40
16
5
1
54
68
13
3
24
23
4
3
12
15
8
12
19
15
10
8
12
4
4
15
6
12
8
4
13
22
15
43
27
58
66
49
68
91
262
311
492
62
40
13
4
2
2
2
0
0
0
0
2
0
5
3
1
0
2
3
7
1
6
2
1
3
7
6
6
5
0
0
0
0
0
0
4
1
1
0
0
0
0
0
0
0
0
0
0
0
0
0
0
0
0
0
0
0
0
0
0
0
0
0
0
0
0
0
0
0
0
0
0
0
0
0
0
0
0
0
0
0
0
0
0
0
0
0
0
0
0
0
0
0
0
0
0
0
0
0
0
0
0
0
0
0
0
0
0
0
0
0
0
0
0
0
0
0
0
0
0
0
0
0
0
0
0
0
0
0
0
0
0
0
0
0
0
0
0
0
0
0
0
0
0
0
0
0
0
0
0
0
0
0
0
0
0
0
0
0
0
0
0
0
0
0
0
0
0
0
0
0
0
0
0
0
0
0
0
0
0
0
0
0
0
0
0
0
0
0
0
0
0
0
0
0
0
0
0
0
0
0
0
0
0
0
0
26
0
0
1
0
0
0
0
144
17
1
0
0
0
120
8
19
5
46
9
3
1
9
8
17
9
9
16
15
7
12
2
4
12
5
4
15
7
14
21
37
39
25
51
43
46
65
129
394
119
436
36
15
10
3
2
0
0
3
1
2
2
1
0
1
2
0
2
1
2
5
8
2
5
4
3
10
1
0
0
0
0
0
0
0
1
2
1
2
1
0
0
0
0
0
0
0
0
0
0
0
0
0
0
0
0
0
0
0
0
0
0
0
0
0
0
0
0
0
0
0
0
0
0
0
0
0
0
0
0
0
0
0
0
0
0
0
0
0
0
0
0
0
0
0
0
0
0
0
0
0
0
0
0
0
0
0
0
0
0
0
0
0
0
0
0
0
0
0
0
0
0
0
0
0
0
0
0
0
0
0
0
0
0
0
0
0
0
0
0
0
0
0
0
0
0
0
0
0
0
0
0
0
0
0
0
0
0
0
0
0
0
0
0
0
0
0
0
0
0
0
0
0
0
0
0
0
0
0
0
0
0
0
0
0
0
0
0
0
0
0
0
0
0
0
0
0
0
0
0
0
0
0
0
0
0
19
0
1
2
1
0
0
0
31
57
1
5
3
0
77
0
12
2
9
6
6
0
26
9
4
3
12
2
19
6
12
16
8
8
10
9
15
3
11
10
14
22
20
42
33
52
55
42
88
249
174
346
33
31
4
1
1
2
1
2
2
0
2
2
4
1
0
2
1
4
1
1
3
13
2
1
4
17
0
0
0
0
0
0
0
1
3
2
5
5
0
1
0
0
0
0
0
0
0
0
0
0
0
0
0
0
0
0
0
0
0
0
0
0
0
0
0
0
0
0
0
0
0
0
0
0
0
0
0
0
0
0
0
0
0
0
0
0
0
0
0
0
0
0
0
0
0
0
0
0
0
0
0
0
0
0
0
0
0
0
0
0
0
0
0
0
0
0
0
0
0
0
0
0
0
0
0
0
0
0
0
0
0
0
0
0
0
0
0
0
0
0
0
0
0
0
0
0
0
0
0
0
0
0
0
0
0
0
0
0
0
0
0
0
0
0
0
0
0
0
0
0
0
0
0
0
0
0
0
0
0
0
0
0
0
0
0
0
0
0
0
0
0
0
0
0
0
0
0
0
0
0
0
0
0
0
5
0
0
0
0
0
0
0
0
120
21
2
0
4
55
177
3
2
4
41
8
4
6
8
7
14
14
12
4
5
17
4
3
15
4
10
8
13
16
11
12
15
19
10
31
66
31
58
68
161
341
110
283
59
17
2
4
1
1
1
0
0
1
2
0
1
2
2
1
2
2
5
6
0
8
1
4
6
6
4
1
0
0
0
0
1
1
3
2
6
0
0
1
0
0
0
0
0
0
0
0
0
0
0
0
0
0
0
0
0
0
0
0
0
0
0
0
0
0
0
0
0
0
0
0
0
0
0
0
0
0
0
0
0
0
0
0
0
0
0
0
0
0
0
0
0
0
0
0
0
0
0
0
0
0
0
0
0
0
0
0
0
0
0
0
0
0
0
0
0
0
0
0
0
0
0
0
0
0
0
0
0
0
0
0
0
0
0
0
0
0
0
0
0
0
0
0
0
0
0
0
0
0
0
0
0
0
0
0
0
0
0
0
0
0
0
0
0
0
0
0
0
0
0
0
0
0
0
0
0
0
0
0
0
0
0
0
0
0
0
0
0
0
0
0
0
0
0
0
0
0
0
0
0
0
0
0
13
0
3
0
0
0
0
0
135
5
12
7
0
2
171
32
12
2
54
13
1
7
16
4
9
8
12
5
18
4
11
4
8
3
13
6
8
9
6
12
24
20
30
38
27
46
51
41
73
84
219
156
244
110
42
8
1
2
4
0
2
0
0
3
1
4
1
2
7
6
1
3
3
1
3
2
4
8
4
0
0
0
1
0
0
0
2
5
6
1
5
0
1
0
0
0
0
0
0
0
0
0
0
0
0
0
0
0
0
0
0
0
0
0
0
0
0
0
0
0
0
0
0
0
0
0
0
0
0
0
0
0
0
0
0
0
0
0
0
0
0
0
0
0
0
0
0
0
0
0
0
0
0
0
0
0
0
0
0
0
0
0
0
0
0
0
0
0
0
0
0
0
0
0
0
0
0
0
0
0
0
0
0
0
0
0
0
0
0
0
0
0
0
0
0
0
0
0
0
0
0
0
0
0
0
0
0
0
0
0
0
0
0
0
0
0
0
0
0
0
0
0
0
0
0
0
0
0
0
0
0
0
0
0
0
0
0
0
0
0
0
0
0
0
0
0
0
0
0
0
0
0
0
0
0
0
10
0
0
1
0
0
0
0
0
49
4
7
0
2
91
86
1
23
40
13
5
3
15
9
3
12
5
9
15
13
8
9
6
12
11
8
6
17
10
6
9
11
14
17
19
34
52
38
48
71
133
314
106
232
81
10
0
1
2
3
0
3
0
3
0
3
0
3
2
0
3
4
0
5
5
8
4
10
1
2
0
0
0
0
0
0
0
2
2
3
4
2
0
0
0
0
0
0
0
0
0
0
0
0
0
0
0
0
0
0
0
0
0
0
0
0
0
0
0
0
0
0
0
0
0
0
0
0
0
0
0
0
0
0
0
0
0
0
0
0
0
0
0
0
0
0
0
0
0
0
0
0
0
0
0
0
0
0
0
0
0
0
0
0
0
0
0
0
0
0
0
0
0
0
0
0
0
0
0
0
0
0
0
0
0
0
0
0
0
0
0
0
0
0
0
0
0
0
0
0
0
0
0
0
0
0
0
0
0
0
0
0
0
0
0
0
0
0
0
0
0
0
0
0
0
0
0
0
0
0
0
0
0
0
0
0
0
0
0
0
0
0
0
0
0
0
0
0
0
0
0
0
0
0
0
0
3
2
1
0
0
0
0
0
0
115
1
1
3
0
0
101
8
8
6
58
8
7
15
10
1
26
10
9
7
15
4
16
1
9
6
4
6
11
4
15
14
13
22
31
24
37
33
60
62
94
65
98
207
126
182
65
39
0
6
1
1
1
2
2
7
3
0
2
4
3
2
0
3
5
7
2
2
2
16
1
2
0
0
0
0
0
1
1
3
2
1
4
6
0
0
0
0
0
0
0
0
0
0
0
0
0
0
0
0
0
0
0
0
0
0
0
0
0
0
0
0
0
0
0
0
0
0
0
0
0
0
0
0
0
0
0
0
0
0
0
0
0
0
0
0
0
0
0
0
0
0
0
0
0
0
0
0
0
0
0
0
0
0
0
0
0
0
0
0
0
0
0
0
0
0
0
0
0
0
0
0
0
0
0
0
0
0
0
0
0
0
0
0
0
0
0
0
0
0
0
0
0
0
0
0
0
0
0
0
0
0
0
0
0
0
0
0
0
0
0
0
0
0
0
0
0
0
0
0
0
0
0
0
0
0
0
0
0
0
0
0
0
0
0
0
0
0
0
0
0
0
0
0
0
0
0
0
6
0
0
0
0
0
0
0
86
13
9
1
1
0
164
15
5
3
44
13
11
2
24
10
4
24
2
19
8
7
19
6
13
8
13
11
1
20
4
8
11
16
11
42
14
44
41
50
39
79
54
134
296
106
177
92
7
1
1
4
2
3
3
3
1
1
4
2
1
4
0
2
3
7
7
1
13
6
5
1
0
0
0
0
0
0
1
1
3
4
3
2
1
0
1
1
0
0
0
0
0
0
0
0
0
0
0
0
0
0
0
0
0
0
0
0
0
0
0
0
0
0
0
0
0
0
0
0
0
0
0
0
0
0
0
0
0
0
0
0
0
0
0
0
0
0
0
0
0
0
0
0
0
0
0
0
0
0
0
0
0
0
0
0
0
0
0
0
0
0
0
0
0
0
0
0
0
0
0
0
0
0
0
0
0
0
0
0
0
0
0
0
0
0
0
0
0
0
0
0
0
0
0
0
0
0
0
0
0
0
0
0
0
0
0
0
0
0
0
0
0
0
0
0
0
0
0
0
0
0
0
0
0
0
0
0
0
0
0
0
0
0
0
0
0
0
0
0
0
0
0
0
0
0
0
0
4
0
0
0
0
0
0
0
0
60
0
5
2
0
166
31
15
6
63
3
2
3
27
8
5
12
13
14
11
3
4
17
5
19
8
17
10
16
11
7
22
20
19
21
33
19
30
40
73
52
92
55
100
164
113
162
48
4
0
1
3
3
2
2
3
0
3
4
3
1
1
3
3
2
2
4
2
10
8
5
0
0
0
0
0
0
0
0
2
0
6
3
2
3
0
0
0
0
0
0
0
0
0
0
0
0
0
0
0
0
0
0
0
0
0
0
0
0
0
0
0
0
0
0
0
0
0
0
0
0
0
0
0
0
0
0
0
0
0
0
0
0
0
0
0
0
0
0
0
0
0
0
0
0
0
0
0
0
0
0
0
0
0
0
0
0
0
0
0
0
0
0
0
0
0
0
0
0
0
0
0
0
0
0
0
0
0
0
0
0
0
0
0
0
0
0
0
0
0
0
0
0
0
0
0
0
0
0
0
0
0
0
0
0
0
0
0
0
0
0
0
0
0
0
0
0
0
0
0
0
0
0
0
0
0
0
0
0
0
0
0
0
0
0
0
0
0
0
0
0
0
0
0
0
0
0
4
5
0
0
0
0
0
0
0
61
16
4
3
0
0
176
0
1
15
108
6
0
9
25
7
24
14
6
10
4
5
3
20
6
5
7
8
12
5
9
7
4
16
24
18
14
36
31
33
70
72
85
45
137
298
142
71
17
6
5
5
1
4
1
2
3
2
1
0
1
5
1
1
2
3
3
4
7
9
0
0
2
1
0
0
0
1
1
0
1
3
3
3
1
1
0
1
0
0
0
0
0
0
0
0
0
0
0
0
0
0
0
0
0
0
0
0
0
0
0
0
0
0
0
0
0
0
0
0
0
0
0
0
0
0
0
0
0
0
0
0
0
0
0
0
0
0
0
0
0
0
0
0
0
0
0
0
0
0
0
0
0
0
0
0
0
0
0
0
0
0
0
0
0
0
0
0
0
0
0
0
0
0
0
0
0
0
0
0
0
0
0
0
0
0
0
0
0
0
0
0
0
0
0
0
0
0
0
0
0
0
0
0
0
0
0
0
0
0
0
0
0
0
0
0
0
0
0
0
0
0
0
0
0
0
0
0
0
0
0
0
0
0
0
0
0
0
0
0
0
0
0
0
0
0
0
0
2
2
1
0
0
0
0
0
33
9
3
1
1
0
87
17
5
3
66
4
5
5
44
5
13
15
2
7
8
6
14
3
13
13
21
10
11
3
5
10
8
9
15
22
19
21
15
20
50
47
51
81
31
102
304
112
121
45
5
2
0
3
3
1
3
3
2
1
2
1
2
7
8
2
5
3
10
4
10
2
0
1
0
0
0
0
1
0
2
1
2
5
1
0
0
0
0
0
0
0
0
0
0
0
0
0
0
0
0
0
0
0
0
0
0
0
0
0
0
0
0
0
0
0
0
0
0
0
0
0
0
0
0
0
0
0
0
0
0
0
0
0
0
0
0
0
0
0
0
0
0
0
0
0
0
0
0
0
0
0
0
0
0
0
0
0
0
0
0
0
0
0
0
0
0
0
0
0
0
0
0
0
0
0
0
0
0
0
0
0
0
0
0
0
0
0
0
0
0
0
0
0
0
0
0
0
0
0
0
0
0
0
0
0
0
0
0
0
0
0
0
0
0
0
0
0
0
0
0
0
0
0
0
0
0
0
0
0
0
0
0
0
0
0
0
0
0
0
0
0
0
0
0
0
0
0
3
0
0
0
0
0
0
0
11
45
7
4
0
0
51
76
17
0
22
61
5
1
41
2
1
26
6
5
8
4
8
14
6
13
11
9
10
10
9
6
14
10
19
24
18
21
15
27
20
53
77
98
44
50
181
73
161
59
17
5
3
1
3
1
4
2
0
0
4
0
3
6
3
7
4
6
3
7
12
7
0
0
1
0
1
1
0
0
3
1
3
10
10
5
1
0
0
0
0
0
0
0
0
0
0
0
0
0
0
0
0
0
0
0
0
0
0
0
0
0
0
0
0
0
0
0
0
0
0
0
0
0
0
0
0
0
0
0
0
0
0
0
0
0
0
0
0
0
0
0
0
0
0
0
0
0
0
0
0
0
0
0
0
0
0
0
0
0
0
0
0
0
0
0
0
0
0
0
0
0
0
0
0
0
0
0
0
0
0
0
0
0
0
0
0
0
0
0
0
0
0
0
0
0
0
0
0
0
0
0
0
0
0
0
0
0
0
0
0
0
0
0
0
0
0
0
0
0
0
0
0
0
0
0
0
0
0
0
0
0
0
0
0
0
0
0
0
0
0
0
0
0
0
0
0
0
0
1
0
0
0
0
0
0
0
56
9
4
1
0
0
143
8
13
3
62
10
1
3
35
5
16
5
8
8
5
8
10
3
12
4
11
2
12
3
10
6
18
15
20
5
22
18
24
17
39
62
39
46
45
33
94
181
277
119
178
9
2
3
2
1
2
1
9
2
2
2
5
0
3
8
4
4
4
17
5
4
1
1
0
0
0
0
1
1
1
5
1
3
2
7
1
0
0
0
0
0
0
0
0
0
0
0
0
0
0
0
0
0
0
0
0
0
0
0
0
0
0
0
0
0
0
0
0
0
0
0
0
0
0
0
0
0
0
0
0
0
0
0
0
0
0
0
0
0
0
0
0
0
0
0
0
0
0
0
0
0
0
0
0
0
0
0
0
0
0
0
0
0
0
0
0
0
0
0
0
0
0
0
0
0
0
0
0
0
0
0
0
0
0
0
0
0
0
0
0
0
0
0
0
0
0
0
0
0
0
0
0
0
0
0
0
0
0
0
0
0
0
0
0
0
0
0
0
0
0
0
0
0
0
0
0
0
0
0
0
0
0
0
0
0
0
0
0
0
0
0
0
0
0
0
0
0
2
0
0
0
0
0
0
0
50
0
3
3
0
0
112
21
19
5
98
10
0
3
27
10
6
16
11
10
8
4
10
5
9
5
27
6
20
10
4
8
10
9
4
17
12
17
33
26
26
31
61
102
71
38
88
154
200
184
291
71
10
4
5
2
5
4
0
9
4
2
6
11
4
3
2
1
6
14
9
2
3
1
1
0
0
2
1
1
0
4
17
9
15
22
2
0
0
0
0
0
0
0
0
0
0
0
0
0
0
0
0
0
0
0
0
0
0
0
0
0
0
0
0
0
0
0
0
0
0
0
0
0
0
0
0
0
0
0
0
0
0
0
0
0
0
0
0
0
0
0
0
0
0
0
0
0
0
0
0
0
0
0
0
0
0
0
0
0
0
0
0
0
0
0
0
0
0
0
0
0
0
0
0
0
0
0
0
0
0
0
0
0
0
0
0
0
0
0
0
0
0
0
0
0
0
0
0
0
0
0
0
0
0
0
0
0
0
0
0
0
0
0
0
0
0
0
0
0
0
0
0
0
0
0
0
0
0
0
0
0
0
0
0
0
0
0
0
0
0
0
0
0
0
0
0
0
2
0
1
0
1
0
0
0
0
42
0
6
1
0
36
110
1
3
41
40
10
1
36
9
4
27
7
18
7
2
14
3
3
12
5
13
8
15
2
18
9
8
7
20
13
18
18
22
19
34
42
43
84
36
52
102
139
583
278
50
18
5
3
1
9
2
9
2
2
8
4
6
5
6
4
6
6
6
6
5
0
5
1
2
0
3
0
0
0
2
1
4
11
4
7
1
0
0
0
0
0
0
0
0
0
0
0
0
0
0
0
0
0
0
0
0
0
0
0
0
0
0
0
0
0
0
0
0
0
0
0
0
0
0
0
0
0
0
0
0
0
0
0
0
0
0
0
0
0
0
0
0
0
0
0
0
0
0
0
0
0
0
0
0
0
0
0
0
0
0
0
0
0
0
0
0
0
0
0
0
0
0
0
0
0
0
0
0
0
0
0
0
0
0
0
0
0
0
0
0
0
0
0
0
0
0
0
0
0
0
0
0
0
0
0
0
0
0
0
0
0
0
0
0
0
0
0
0
0
0
0
0
0
0
0
0
0
0
0
0
0
0
0
0
0
0
0
0
0
0
0
0
0
0
0
0
0
2
0
0
0
0
0
0
0
21
15
3
1
0
1
77
15
7
4
59
8
0
17
40
4
20
6
12
20
6
5
13
4
7
17
1
3
17
4
8
5
3
12
11
5
11
14
23
34
31
10
38
86
51
37
48
91
94
696
328
451
74
10
2
6
3
2
10
2
6
2
4
5
4
4
2
7
4
15
14
8
3
0
0
0
0
0
0
0
1
0
8
6
34
4
4
0
0
0
0
0
0
0
0
0
0
0
0
0
0
0
0
0
0
0
0
0
0
0
0
0
0
0
0
0
0
0
0
0
0
0
0
0
0
0
0
0
0
0
0
0
0
0
0
0
0
0
0
0
0
0
0
0
0
0
0
0
0
0
0
0
0
0
0
0
0
0
0
0
0
0
0
0
0
0
0
0
0
0
0
0
0
0
0
0
0
0
0
0
0
0
0
0
0
0
0
0
0
0
0
0
0
0
0
0
0
0
0
0
0
0
0
0
0
0
0
0
0
0
0
0
0
0
0
0
0
0
0
0
0
0
0
0
0
0
0
0
0
0
0
0
0
0
0
0
0
0
0
0
0
0
0
0
0
0
0
0
0
0
0
0
0
0
0
0
43
1
10
0
0
0
95
28
24
2
102
16
5
0
55
11
8
29
7
9
8
3
9
3
9
2
11
14
6
12
10
11
6
15
8
8
13
19
24
31
16
21
16
43
85
50
35
70
93
184
109
337
36
22
6
6
3
4
0
3
4
4
5
5
4
15
6
1
3
6
12
5
0
1
1
0
1
1
2
0
1
0
4
2
13
2
9
4
0
0
0
0
0
0
0
0
0
0
0
0
0
0
0
0
0
0
0
0
0
0
0
0
0
0
0
0
0
0
0
0
0
0
0
0
0
0
0
0
0
0
0
0
0
0
0
0
0
0
0
0
0
0
0
0
0
0
0
0
0
0
0
0
0
0
0
0
0
0
0
0
0
0
0
0
0
0
0
0
0
0
0
0
0
0
0
0
0
0
0
0
0
0
0
0
0
0
0
0
0
0
0
0
0
0
0
0
0
0
0
0
0
0
0
0
0
0
0
0
0
0
0
0
0
0
0
0
0
0
0
0
0
0
0
0
0
0
0
0
0
0
0
0
0
0
0
0
0
0
0
0
0
0
0
0
0
0
0
0
2
0
1
0
0
0
0
0
0
31
3
8
0
1
58
53
0
8
58
49
6
1
31
18
9
27
4
6
14
6
8
3
3
11
1
9
3
8
2
11
5
11
8
4
11
8
21
16
23
21
20
30
44
46
45
32
97
42
116
678
546
471
285
25
6
3
5
2
6
6
3
4
12
8
6
7
2
3
9
19
7
3
0
0
0
3
5
2
1
1
3
5
1
5
7
6
0
0
1
0
0
0
0
0
0
0
0
0
0
0
0
0
0
0
0
0
0
0
0
0
0
0
0
0
0
0
0
0
0
0
0
0
0
0
0
0
0
0
0
0
0
0
0
0
0
0
0
0
0
0
0
0
0
0
0
0
0
0
0
0
0
0
0
0
0
0
0
0
0
0
0
0
0
0
0
0
0
0
0
0
0
0
0
0
0
0
0
0
0
0
0
0
0
0
0
0
0
0
0
0
0
0
0
0
0
0
0
0
0
0
0
0
0
0
0
0
0
0
0
0
0
0
0
0
0
0
0
0
0
0
0
0
0
0
0
0
0
0
0
0
0
0
0
0
0
0
0
0
0
0
0
0
0
0
0
0
0
0
0
0
0
0
0
0
0
47
1
0
1
2
0
89
22
6
3
92
4
2
1
62
2
24
4
1
14
4
7
5
6
7
4
8
8
7
1
10
9
5
11
3
18
4
7
28
38
23
33
25
35
58
50
42
57
59
126
161
207
426
559
125
32
15
6
4
2
5
4
6
4
2
12
12
2
8
9
8
4
14
3
1
0
2
1
0
1
0
1
0
2
4
11
12
3
1
0
0
0
0
0
0
0
0
0
0
0
0
0
0
0
0
0
0
0
0
0
0
0
0
0
0
0
0
0
0
0
0
0
0
0
0
0
0
0
0
0
0
0
0
0
0
0
0
0
0
0
0
0
0
0
0
0
0
0
0
0
0
0
0
0
0
0
0
0
0
0
0
0
0
0
0
0
0
0
0
0
0
0
0
0
0
0
0
0
0
0
0
0
0
0
0
0
0
0
0
0
0
0
0
0
0
0
0
0
0
0
0
0
0
0
0
0
0
0
0
0
0
0
0
0
0
0
0
0
0
0
0
0
0
0
0
0
0
0
0
0
0
0
0
0
0
0
0
0
0
0
0
0
0
0
0
0
0
0
1
0
0
0
0
0
0
0
22
11
4
3
2
0
90
6
2
2
102
6
8
3
59
5
9
50
1
13
7
5
6
2
5
3
9
6
12
12
5
10
12
7
11
5
10
13
26
12
22
25
28
20
26
39
53
52
52
38
127
147
680
311
37
43
11
9
1
3
3
3
5
2
2
9
1
2
5
7
4
18
4
2
1
1
2
4
1
0
0
2
2
1
1
3
10
11
12
1
2
0
0
0
0
0
0
0
0
0
0
0
0
0
0
0
0
0
0
0
0
0
0
0
0
0
0
0
0
0
0
0
0
0
0
0
0
0
0
0
0
0
0
0
0
0
0
0
0
0
0
0
0
0
0
0
0
0
0
0
0
0
0
0
0
0
0
0
0
0
0
0
0
0
0
0
0
0
0
0
0
0
0
0
0
0
0
0
0
0
0
0
0
0
0
0
0
0
0
0
0
0
0
0
0
0
0
0
0
0
0
0
0
0
0
0
0
0
0
0
0
0
0
0
0
0
0
0
0
0
0
0
0
0
0
0
0
0
0
0
0
0
0
0
0
0
0
0
0
0
0
0
0
0
0
0
0
0
0
0
0
0
0
0
0
0
0
42
2
1
1
0
19
77
4
0
0
80
5
0
60
23
6
45
6
4
14
2
9
4
3
2
3
7
1
19
1
15
7
5
12
6
13
2
19
17
25
21
43
29
29
38
37
50
48
52
59
137
122
555
227
434
124
29
13
3
5
3
2
4
2
2
7
5
3
10
8
9
10
6
2
0
2
3
1
1
1
1
0
3
0
4
2
24
3
4
0
2
0
0
0
0
1
0
0
0
0
0
0
0
0
0
0
0
0
0
0
0
0
0
0
0
0
0
0
0
0
0
0
0
0
0
0
0
0
0
0
0
0
0
0
0
0
0
0
0
0
0
0
0
0
0
0
0
0
0
0
0
0
0
0
0
0
0
0
0
0
0
0
0
0
0
0
0
0
0
0
0
0
0
0
0
0
0
0
0
0
0
0
0
0
0
0
0
0
0
0
0
0
0
0
0
0
0
0
0
0
0
0
0
0
0
0
0
0
0
0
0
0
0
0
0
0
0
0
0
0
0
0
0
0
0
0
0
0
0
0
0
0
0
0
0
0
0
0
0
0
0
0
0
0
0
0
0
0
0
0
0
0
0
0
0
0
19
0
1
1
0
0
104
12
8
4
74
1
1
0
59
10
17
13
2
16
4
1
9
5
6
3
6
3
9
8
9
13
5
11
8
5
10
11
23
17
30
17
42
23
46
22
29
47
40
27
61
96
158
85
378
86
24
13
6
4
5
6
3
1
5
9
11
2
7
11
3
8
13
6
2
2
1
2
1
0
1
1
2
3
2
2
3
2
15
2
1
0
0
0
0
0
0
0
0
0
0
0
0
0
0
0
0
0
0
0
0
0
0
0
0
0
0
0
0
0
0
0
0
0
0
0
0
0
0
0
0
0
0
0
0
0
0
0
0
0
0
0
0
0
0
0
0
0
0
0
0
0
0
0
0
0
0
0
0
0
0
0
0
0
0
0
0
0
0
0
0
0
0
0
0
0
0
0
0
0
0
0
0
0
0
0
0
0
0
0
0
0
0
0
0
0
0
0
0
0
0
0
0
0
0
0
0
0
0
0
0
0
0
0
0
0
0
0
0
0
0
0
0
0
0
0
0
0
0
0
0
0
0
0
0
0
0
0
0
0
0
0
0
0
0
0
0
0
1
0
0
0
0
0
0
0
17
20
0
0
1
0
53
19
0
1
139
10
4
1
80
1
2
44
10
13
4
4
12
7
2
7
7
3
13
1
9
7
10
3
5
8
10
14
20
10
27
15
30
27
28
46
27
43
40
44
36
58
62
113
295
312
621
44
44
2
2
4
4
4
10
4
3
3
3
7
5
10
5
10
0
1
1
1
4
1
0
1
0
0
1
2
1
5
9
3
2
1
1
0
0
0
0
0
0
0
0
0
0
0
0
0
0
0
0
0
0
0
0
0
0
0
0
0
0
0
0
0
0
0
0
0
0
0
0
0
0
0
0
0
0
0
0
0
0
0
0
0
0
0
0
0
0
0
0
0
0
0
0
0
0
0
0
0
0
0
0
0
0
0
0
0
0
0
0
0
0
0
0
0
0
0
0
0
0
0
0
0
0
0
0
0
0
0
0
0
0
0
0
0
0
0
0
0
0
0
0
0
0
0
0
0
0
0
0
0
0
0
0
0
0