1024000
0
0
0
0
0
0
0
0
0
0
0
0
0
0
0
0
0
58
3
0
34
0
0
0
2
0
122
3
24
0
0
9
24
17
0
24
4
0
10
40
2
0
9
31
17
32
47
40
164
44
278
344
231
26
23
7
6
0
0
1
2
0
1
0
0
0
0
0
0
0
1
0
1
1
1
0
2
0
1
0
7
0
0
6
5
0
1
1
9
5
5
2
1
1
0
0
0
0
0
0
0
0
0
0
0
0
0
0
0
0
0
0
0
0
0
0
0
0
0
0
0
0
0
0
0
0
0
0
0
0
0
0
0
0
0
0
0
0
0
0
0
0
0
0
0
0
0
0
0
0
0
0
0
0
0
0
0
0
0
0
0
0
0
0
0
0
0
0
0
0
0
0
0
0
0
0
0
0
0
0
0
0
0
0
0
0
0
0
0
0
0
0
0
0
0
0
0
0
0
0
0
0
0
0
0
0
0
0
0
0
0
0
0
0
0
0
0
0
0
0
0
0
0
0
0
0
0
0
0
0
0
0
0
0
0
0
0
0
0
0
0
0
0
0
0
0
0
0
0
0
0
0
0
0
0
0
0
0
0
0
0
0
0
0
0
0
0
0
0
0
0
0
0
0
67
5
0
0
0
1
0
4
52
139
0
40
10
0
34
0
13
17
14
11
12
0
7
19
34
7
11
31
22
40
127
201
148
50
162
66
37
10
8
8
2
0
0
1
0
0
0
0
0
0
0
1
2
7
2
4
0
0
2
2
0
0
0
3
3
2
3
1
11
19
3
4
2
1
0
0
0
0
0
0
0
0
0
0
0
0
0
0
0
0
0
0
0
0
0
0
0
0
0
0
0
0
0
0
0
0
0
0
0
0
0
0
0
0
0
0
0
0
0
0
0
0
0
0
0
0
0
0
0
0
0
0
0
0
0
0
0
0
0
0
0
0
0
0
0
0
0
0
0
0
0
0
0
0
0
0
0
0
0
0
0
0
0
0
0
0
0
0
0
0
0
0
0
0
0
0
0
0
0
0
0
0
0
0
0
0
0
0
0
0
0
0
0
0
0
0
0
0
0
0
0
0
0
0
0
0
0
0
0
0
0
0
0
0
0
0
0
0
0
0
0
0
0
0
0
0
0
0
0
0
0
0
0
0
0
0
0
0