1024000
0
0
0
0
0
0
0
0
0
0
0
0
0
0
0
0
0
0
0
0
0
0
0
0
0
0
0
0
0
0
0
0
0
0
0
0
0
0
0
0
0
0
0
0
0
0
0
0
0
0
0
0
0
0
0
0
0
0
0
0
0
0
0
0
0
0
0
0
0
0
0
0
0
0
0
0
0
0
0
0
0
0
0
0
0
0
0
0
0
0
0
0
0
0
0
0
0
0
0
0
0
0
0
0
0
0
0
0
0
0
0
0
1
1
1
1
8
1
0
16
3
1
43
0
24
0
20
0
4
0
6
0
11
1
0
6
4
5
2
6
2
7
4
1
2
0
0
5
0
2
0
3
1
1
1
2
2
2
1
0
2
2
3
4
4
6
12
15
14
14
17
10
7
16
37
25
32
27
32
49
68
71
908
79
43
39
31
20
8
8
139
355
884
890
154
0
0
2
0
0
1
0
0
0
0
0
0
0
0
0
0
0
0
0
0
0
0
0
0
0
0
0
0
0
0
0
0
0
0
0
0
0
0
0
0
0
0
0
0
0
0
0
0
0
0
0
0
0
0
0
0
0
0
0
0
0
0
0
0
0
0
0
0
0
0
0
0
0
0
0
0
0
0
0
0
0
0
0
0
0
0
0
0
0
0
0
0
0
0
0
0
0
0
0
0
0
0
0
0
0
0
0
0
0
0
0
0
0
0
0
0
0
0
0
0
0
0
0
0
0
0
0
0
0
0
0
0
0
0
0
0
0
0
0
0
0
0
0
0
0
0
0
0
0
0
0
0
0
0
0
0
0
0
0
0
0
0
0
0
0
0
0
0
0
0
0
0
0
0
1
0
0
3
0
0
17
0
1
22
0
105
0
83
1
85
6
3
0
5
0
1
4
2
4
4
3
0
4
6
0
9
0
0
1
1
2
3
1
1
2
2
2
2
1
5
1
2
1
1
2
0
4
4
11
10
8
20
16
10
26
22
30
31
15
19
35
63
48
117
690
33
36
34
22
13
14
7
145
149
1257
1049
71
0
0
0
1
0
1
0
0
0
0
0
0
0
0
0
0
0
0
0
0
0
0
0
0
0
0
0
0
0
0
0
0
0
0
0
0
0
0
0
0
0
0
0
0
0
0
0
0
0
0
0
0
0
0
0
0
0
0
0
0