1024000
0
0
0
0
0
0
0
0
0
0
0
0
0
0
0
0
0
0
0
0
0
0
0
0
14
0
0
0
0
0
0
1
0
156
24
0
1
4
1
128
7
7
11
20
6
6
15
17
6
14
12
25
9
6
8
5
3
11
15
14
2
17
9
25
44
46
49
27
158
80
303
392
87
98
39
7
2
0
1
2
0
0
1
0
1
2
2
1
1
0
0
1
3
1
1
7
9
13
2
4
2
4
1
0
0
0
0
0
1
1
2
3
0
0
0
0
0
0
0
0
0
0
0
0
0
0
0
0
0
0
0
0
0
0
0
0
0
0
0
0
0
0
0
0
0
0
0
0
0
0
0
0
0
0
0
0
0
0
0
0
0
0
0
0
0
0
0
0
0
0
0
0
0
0
0
0
0
0
0
0
0
0
0
0
0
0
0
0
0
0
0
0
0
0
0
0
0
0
0
0
0
0
0
0
0
0
0
0
0
0
0
0
0
0
0
0
0
0
0
0
0
0
0
0
0
0
0
0
0
0
0
0
0
0
0
0
0
0
0
0
0
0
0
0
0
0
0
0
0
0
0
0
0
0
0
0
0
0
0
0
0
0
0
0
0
0
0
0
0
0
0
0
0
0
0
0
0
0
0
0
0
16
1
2
0
0
0
0
0
77
0
1
13
0
1
102
38
13
5
28
3
8
3
6
10
7
12
9
20
14
7
7
6
7
12
5
14
9
25
28
23
37
57
63
54
60
92
284
570
208
31
52
3
0
3
1
1
0
0
0
1
0
0
1
2
2
3
2
3
5
2
12
2
5
8
4
0
3
3
3
0
0
0
1
0
0
3
5
2
0
0
0
0
0
0
0
0
0
0
0
0
0
0
0
0
0
0
0
0
0
0
0
0
0
0
0
0
0
0
0
0
0
0
0
0
0
0
0
0
0
0
0
0
0
0
0
0
0
0
0
0
0
0
0
0
0
0
0
0
0
0
0
0
0
0
0
0
0
0
0
0
0
0
0
0
0
0
0
0
0
0
0
0
0
0
0
0
0
0
0
0
0
0
0
0
0
0
0
0
0
0
0
0
0
0
0
0
0
0
0
0
0
0
0
0
0
0
0
0
0
0
0
0
0
0
0
0
0
0
0
0
0
0
0
0
0
0
0
0
0
0
0