1024000
0
0
0
0
0
0
0
0
0
0
0
0
0
0
0
0
0
0
0
0
0
0
0
0
0
0
0
0
6
0
0
0
0
0
0
0
86
13
9
1
1
0
164
15
5
3
44
13
11
2
24
10
4
24
2
19
8
7
19
6
13
8
13
11
1
20
4
8
11
16
11
42
14
44
41
50
39
79
54
134
296
106
177
92
7
1
1
4
2
3
3
3
1
1
4
2
1
4
0
2
3
7
7
1
13
6
5
1
0
0
0
0
0
0
1
1
3
4
3
2
1
0
1
1
0
0
0
0
0
0
0
0
0
0
0
0
0
0
0
0
0
0
0
0
0
0
0
0
0
0
0
0
0
0
0
0
0
0
0
0
0
0
0
0
0
0
0
0
0
0
0
0
0
0
0
0
0
0
0
0
0
0
0
0
0
0
0
0
0
0
0
0
0
0
0
0
0
0
0
0
0
0
0
0
0
0
0
0
0
0
0
0
0
0
0
0
0
0
0
0
0
0
0
0
0
0
0
0
0
0
0
0
0
0
0
0
0
0
0
0
0
0
0
0
0
0
0
0
0
0
0
0
0
0
0
0
0
0
0
0
0
0
0
0
0
0
0
0
0
0
0
0
0
0
0
0
0
0
0
0
0
0
0
0
4
0
0
0
0
0
0
0
0
60
0
5
2
0
166
31
15
6
63
3
2
3
27
8
5
12
13
14
11
3
4
17
5
19
8
17
10
16
11
7
22
20
19
21
33
19
30
40
73
52
92
55
100
164
113
162
48
4
0
1
3
3
2
2
3
0
3
4
3
1
1
3
3
2
2
4
2
10
8
5
0
0
0
0
0
0
0
0
2
0
6
3
2
3
0
0
0
0
0
0
0
0
0
0
0
0
0
0
0
0
0
0
0
0
0
0
0
0
0
0
0
0
0
0
0
0
0
0
0
0
0
0
0
0
0
0
0
0
0
0
0
0
0
0
0
0
0
0
0
0
0
0
0
0
0
0
0
0
0
0
0
0
0
0
0
0
0
0
0
0
0
0
0
0
0
0
0
0
0
0
0
0
0
0
0
0
0
0
0
0
0
0
0
0
0
0
0
0
0
0
0
0
0
0
0
0
0
0
0
0
0
0
0
0
0
0
0
0
0
0
0
0
0
0
0
0
0
0