1024000
0
0
0
0
0
0
0
0
0
0
0
0
0
0
0
0
0
0
0
0
0
0
0
0
0
0
0
0
0
0
0
0
0
0
0
0
0
0
0
0
0
0
0
0
0
0
0
0
0
0
0
0
0
0
0
0
0
0
0
0
0
0
0
0
0
0
0
0
0
0
0
0
0
0
4
2
0
12
0
0
27
0
11
0
0
17
0
12
0
12
0
17
12
1
13
14
1
27
13
8
38
24
32
3
25
20
25
7
14
2
7
11
9
2
3
2
5
6
2
2
1
4
3
10
5
9
6
7
12
7
10
10
11
14
10
27
22
38
67
43
25
40
44
35
69
65
38
18
274
866
171
75
82
61
27
22
353
1175
954
348
1
1
0
2
1
1
1
0
0
0
1
0
1
0
0
0
0
0
0
0
0
0
0
0
0
0
0
0
0
0
0
0
0
0
0
0
0
0
0
0
0
0
0
0
0
0
0
0
0
0
0
0
0
0
0
0
0
0
0
0
0
0
0
0
0
0
0
0
0
0
0
0
0
0
0
0
0
0
0
0
0
0
0
0
0
0
0
0
0
0
0
0
0
0
0
0
0
0
0
0
0
0
0
0
0
0
0
0
0
0
0
0
0
0
0
0
0
0
0
0
0
0
0
0
0
0
0
0
0
0
0
0
0
0
0
0
0
0
0
0
0
0
0
0
0
0
0
0
0
0
0
0
0
0
0
0
0
0
0
0
0
0
0
0
0
0
0
1
0
0
0
2
0
4
4
0
9
1
4
9
0
8
1
14
1
18
0
17
21
3
18
5
16
10
14
31
15
26
10
35
41
27
8
21
16
11
10
13
10
3
7
4
1
3
2
1
3
3
4
2
2
4
5
4
6
9
7
5
9
9
23
8
32
26
34
41
40
42
36
56
42
46
42
39
27
379
650
166
128
38
54
41
38
306
878
1044
193
14
0
0
0
0
0
0
0
0
1
2
0
0
0
1
0
0
0
0
0
0
0
0
0
0
0
0
0
0
0
0
0
0
0
0
0
0
0
0
0
0
0
0
0
0
0
0
0
0
0
0
0
0
0
0
0
0
0
0
0
0
0
0
0
0
0
0
0
0
0
0
0
0
0
0
0
0
0
0
0
0
0
0
0
0
0
0
0
0
0
0
0
0
0
0