1024000
0
0
0
0
0
0
0
0
0
0
0
0
0
0
0
0
0
0
0
0
0
0
0
0
0
0
0
0
0
0
0
0
0
0
0
0
0
0
0
0
0
0
0
0
0
0
0
0
0
0
0
0
0
0
0
0
0
0
0
0
0
0
0
0
0
0
1
0
0
0
0
0
0
0
5
9
0
0
0
0
58
24
3
1
101
11
2
2
136
11
4
37
6
28
8
5
13
6
1
10
3
5
7
3
7
3
8
5
12
3
10
9
8
6
18
16
21
48
60
56
46
43
35
41
39
35
66
69
70
115
234
282
488
24
65
4
3
0
2
11
4
5
2
5
5
5
5
6
1
0
1
1
2
2
2
1
0
1
0
3
1
0
3
3
3
5
3
1
0
0
0
0
0
0
0
0
0
0
0
0
0
0
0
0
0
0
0
0
0
0
0
0
0
0
0
0
0
0
0
0
0
0
0
0
0
0
0
0
0
0
0
0
0
0
0
0
0
0
0
0
0
0
0
0
0
0
0
0
0
0
0
0
0
0
0
0
0
0
0
0
0
0
0
0
0
0
0
0
0
0
0
0
0
0
0
0
0
0
0
0
0
0
0
0
0
0
0
0
0
0
0
0
0
0
0
0
0
0
0
0
0
0
0
0
0
0
0
0