1024000
0
0
0
0
0
0
0
0
0
0
0
0
0
0
0
0
0
0
0
0
0
0
0
0
0
0
0
0
0
0
0
0
0
0
0
0
0
0
0
0
0
0
0
0
0
0
0
0
0
0
0
0
0
0
0
0
0
0
0
0
0
0
0
0
0
0
0
0
0
0
0
0
0
0
0
0
0
0
0
0
0
0
0
0
0
0
0
0
0
0
0
0
0
0
0
0
0
0
0
0
0
0
0
0
0
0
0
0
0
0
0
0
0
0
0
0
0
0
0
0
0
0
0
0
0
0
0
0
0
0
0
0
0
0
0
0
0
0
0
0
0
0
0
0
0
0
0
0
0
1
0
0
0
10
0
0
0
44
1
0
0
44
4
21
33
1
35
6
2
83
5
37
9
45
4
45
7
37
26
12
14
15
14
7
16
16
7
3
14
14
14
10
8
9
7
14
9
6
6
14
6
5
7
18
26
34
41
56
56
45
50
54
24
45
61
54
60
72
184
170
140
258
193
17
25
5
27
3
1
0
0
0
0
0
1
0
1
0
1
0
0
1
0
0
0
0
0
2
0
0
0
1
13
7
0
0
0
0
0
0
0
0
0
0
0
0
0
0
0
0
0
0
0
0
0
0
0
0
0
0
0
0
0
0
0
0
0
0