1024000
32
30
18
29
17
28
29
55
47
52
300
79
22
43
26
8
20
15
10
85
674
551
2393
645
2
0
0
0
1
0
0
1
1
0
0
0
0
0
0
0
0
0
0
0
0
0
0
0
0
0
0
0
0
0
0
0
0
0
0
0
0
0
0
0
0
0
0
0
0
0
0
0
0
0
0
0
0
0
0
0
0
0
0
0
0
0
0
0
0
0
0
0
0
0
0
0
0
0
0
0
0
0
0
0
0
0
0
0
0
0
0
0
0
0
0
0
0
0
0
0
0
0
0
0
0
0
0
0
0
0
0
0
0
0
0
0
0
0
0
0
0
0
0
0
0
0
0
0
0
0
0
0
0
0
0
0
0
0
0
0
0
0
0
0
0
0
0
0
0
0
0
0
0
0
0
0
0
0
0
0
0
0
0
0
0
0
0
0
0
0
0
0
0
0
0
0
0
0
0
0
2
1
0
1
2
1
1
5
0
3
1
1
4
0
2
2
3
3
4
1
6
4
7
3
1
1
1
0
1
1
0
3
0
0
0
1
1
1
4
3
0
1
2
2
1
6
3
3
5
3
6
4
8
11
16
21
24
31
31
15
32
30
25
38
40
60
60
284
74
25
29
22
17
12
8
4
116
730
1376
1907
918
7
0
0
0
3
1
2