1024000
0
0
0
0
0
0
0
0
0
0
0
0
0
0
0
0
0
0
0
0
0
0
0
0
0
0
0
0
0
0
0
0
0
0
0
0
0
0
0
0
0
0
0
0
0
0
0
0
0
0
0
0
0
0
0
0
0
0
0
0
0
0
0
0
0
0
0
0
0
0
0
0
0
0
0
0
0
0
0
0
0
0
0
0
0
0
0
1
4
9
7
11
3
4
2
1
2
1
1
1
0
0
0
2
1
0
2
1
0
3
3
0
3
2
1
5
17
11
14
4
15
794
403
258
101
283
183
61
38
40
54
35
23
50
33
38
39
41
46
33
28
33
16
12
11
7
15
7
6
5
9
4
3
5
2
3
3
0
0
2
2
2
2
5
2
1
0
2
1
1
4
0
0
3
2
5
1
4
1
1
7
4
7
10
5
13
2
0
0
0
0
5
0
0
0
0
0
0
0
0
0
0
0
0
0
0
0
0
0
0
0
1
0
1
0
0
0
0
1
0
0
0
1
0
0
0
0
0
0
0
0
0
0
0
0
0
0
0
0
0
0
0
0
0
0
0
0
0
0
0
0
0
0
0
0
0
