1024000
0
0
0
0
0
0
0
0
0
0
0
0
0
0
0
0
0
0
0
0
0
0
0
0
0
0
0
0
0
0
0
0
0
0
0
0
0
0
0
0
0
0
0
0
0
0
0
0
0
0
0
0
0
0
0
0
0
0
0
0
0
0
0
0
0
0
0
0
0
0
0
0
0
0
0
0
1
0
2
4
3
6
3
1
1
1
0
0
0
0
2
0
1
1
2
1
0
1
1
1
0
2
4
4
11
13
3
13
13
20
4
3
0
14
157
207
180
46
207
147
73
55
41
61
22
49
47
48
48
44
42
43
39
38
47
44
26
9
8
12
5
9
9
7
3
2
2
3
1
4
2
2
3
5
6
6
5
2
3
6
4
6
6
0
5
8
10
0
13
8
12
9
6
3
4
7
0
2
7
5
1
2
0
2
0
0
1
0
0
0
0
1
0
0
0
0
0
0
0
0
0
1
0
0
0
0
0
0
0
0
0
0
0
0
0
0
0
0
0
0
0
0
0
0
0
0
0
0
0
0
0
0
0
0
0
0
0
0
0
0
0
0
0
0
0
0
0
0
0
0
0
0
0
0
0
0
