1024000
0
0
0
0
0
0
0
0
0
0
0
0
0
0
0
0
0
0
0
0
0
0
0
0
0
0
0
0
0
0
0
0
0
0
0
0
0
0
0
0
0
0
0
0
0
0
0
0
0
0
0
0
0
0
0
0
0
0
0
0
0
0
0
0
0
0
0
1
10
2
2
3
2
0
0
0
0
0
0
0
0
0
1
1
0
1
3
0
8
5
19
8
4
8
11
7
2
5
2
6
5
11
3
6
6
6
62
73
80
90
176
195
61
57
76
43
47
31
46
38
52
43
31
41
25
30
21
22
5
10
14
12
17
9
2
4
4
5
5
7
2
8
3
6
5
9
9
7
7
8
7
10
11
6
9
16
32
36
18
5
30
7
11
7
12
6
1
8
3
7
0
5
2
2
1
1
1
1
2
1
1
0
1
1
1
1
1
0
0
0
0
0
0
0
0
0
0
0
0
0
0
0
0
0
1
0
0
1
0
0
0
0
0
0
0
0
0
0
0
0
0
0
0
0
0
0
0
0
0
0
0
0
0
0
0
0
0
0
0
0
0
0
0
0
0
0
0
0
0
0
0
0
0
0
0
0
