1024000
0
0
0
0
0
0
0
0
0
0
0
0
0
0
0
0
0
0
0
0
0
0
0
0
0
0
0
0
0
0
0
0
0
0
0
0
0
0
0
0
0
0
0
0
0
6
2
1
4
0
5
4
5
3
7
16
5
1
7
4
9
2
3
1
2
0
1
2
4
0
0
2
3
5
0
2
2
0
0
2
3
3
1
0
3
9
71
50
328
109
116
126
38
52
40
40
35
38
43
56
73
106
40
56
39
11
11
13
3
5
7
12
5
7
13
12
17
19
8
22
9
3
13
16
7
5
12
17
12
3
7
24
29
36
12
24
46
26
1
1
20
42
38
19
24
21
26
0
0
4
12
18
8
1
1
2
9
3
3
0
1
1
1
1
0
0
0
0
0
0
0
0
0
0
0
0
0
0
0
0
0
0
0
0
0
0
0
0
0
0
0
0
0
0
0
0
0
0
0
0
0
0
0
0
0
0
0
0
0
0
0
0
0
0
0
0
0
0
0
0
0
0
0
0
0
0
0
0
0
0
0
0
0
0
0
0
0
0
0
0
0
0
0
0
0
0
0
0
0
0
0
0
0
0
0
0
