1024000
0
0
0
0
0
0
0
0
0
0
0
0
0
0
0
0
0
0
0
0
0
0
0
0
0
0
0
0
0
0
0
0
0
0
0
0
0
0
0
0
0
0
0
0
0
0
0
0
0
0
0
0
0
0
0
0
0
0
0
0
0
0
0
0
0
0
0
0
0
0
0
0
0
0
0
0
0
0
0
0
0
0
0
0
0
0
0
0
0
0
0
0
0
0
0
0
0
0
0
0
0
0
0
0
0
0
0
0
0
0
0
0
0
0
0
0
0
0
2
1
3
5
1
0
1
1
2
0
2
1
0
0
0
1
0
1
1
1
0
0
0
1
1
0
2
182
833
986
297
14
27
54
32
68
153
152
51
19
19
45
58
29
40
34
20
25
41
36
30
33
28
22
21
13
11
8
8
6
5
6
1
1
4
3
1
3
2
2
1
2
0
1
0
3
0
0
3
2
2
0
5
2
1
2
1
0
0
0
0
0
0
0
0
0
0
1
0
0
0
0
0
0
0
0
0
0
0
1
1
0
0
0
0
0
0
0
0
0
0
0
0
0
0
0
0
0
0
0
0
0
0
0
0
0
0
0
