1024000
0
0
0
0
0
0
0
0
0
0
0
0
0
0
0
0
0
0
0
0
0
0
0
0
0
0
0
0
0
0
0
0
0
0
0
0
0
0
0
0
0
0
0
0
0
0
0
0
0
0
0
0
0
0
0
0
0
0
0
0
0
0
0
0
0
0
0
0
0
0
0
0
0
0
0
0
0
0
0
0
0
0
0
0
0
0
0
0
0
0
0
0
0
2
1
2
4
3
3
0
1
5
2
1
0
0
1
0
0
1
0
1
1
0
0
0
0
0
0
1
0
2
4
3
19
25
23
459
832
685
243
251
290
74
48
38
42
35
44
39
32
40
39
24
38
32
19
17
11
8
10
5
5
7
7
3
3
4
5
5
3
5
0
1
3
0
4
3
5
0
0
4
1
1
0
0
1
0
0
2
2
2
2
0
0
2
0
0
0
0
33
5
10
4
0
0
0
0
0
1
0
0
0
0
0
0
0
0
0
0
0
0
0
0
0
0
0
1
1
0
1
0
0
0
1
0
0
1
0
0
0
0
0
0
0
0
0
0
0
0
0
0
0
0
0
0
0
0
0
0
0
0
0
0
0
0
