1024000
0
0
0
0
0
0
0
0
0
0
0
0
0
0
0
0
0
0
0
0
0
0
0
0
0
0
0
0
0
0
0
0
0
0
3
0
5
0
0
3
0
9
0
3
37
0
5
5
12
20
0
1
6
3
0
1
0
3
1
0
0
2
1
0
0
0
3
2
6
0
2
0
2
0
1
2
1
4
2
6
1
4
17
121
161
181
154
102
48
35
45
50
39
38
46
28
44
31
48
28
20
8
14
10
10
13
15
9
10
10
6
11
11
17
10
12
10
5
0
5
14
15
12
15
21
23
11
0
6
27
40
20
4
57
42
37
0
2
30
31
37
20
0
2
16
25
21
0
0
4
17
8
3
0
0
0
2
2
0
2
0
0
0
0
0
0
0
0
0
0
0
0
0
0
0
0
0
0
0
0
0
0
0
0
0
0
0
0
0
0
0
0
0
0
0
0
0
0
0
0
0
0
0
0
0
0
0
0
0
0
0
0
0
0
0
0
0
0
0
0
0
0
0
0
0
0
0
0
0
0
0
0
0
0
0
0
0
0
0
0
0
0
0
0
0
0
0
0
0
0
0
0
0
0
0
0
