1024000
0
0
0
0
0
0
0
0
0
0
0
0
0
0
0
1
0
0
5
0
0
0
0
0
0
0
0
1
0
0
2
0
3
0
0
1
2
0
2
0
0
0
0
1
0
0
0
0
0
0
0
1
0
0
0
1
0
0
0
0
0
0
1
0
2
9
115
92
527
264
80
60
49
66
51
42
10
30
14
22
16
20
4
8
14
6
8
18
8
10
2
1
12
19
9
13
3
2
5
15
11
4
1
3
21
17
20
3
2
7
8
35
50
61
6
0
2
4
8
84
39
23
4
1
8
5
47
31
43
3
1
0
0
5
20
7
3
0
0
0
0
0
0
0
0
3
3
0
0
0
0
0
1
0
0
0
0
0
0
1
1
0
0
0
0
0
0
0
0
0
0
0
0
0
0
0
0
0
0
0
0
0
0
0
0
0
0
0
0
0
0
0
0
0
0
0
0
0
0
0
0
0
0
0
0
0
0
0
0
0
0
0
0
0
0
0
0
0
0
0
0
0
0
0
0
0
0
0
0
0
0
0
0
0
0
0
0
0
0
0
0
0
0
0
0
0
0
0
0
0
0
0
0
0
0
0
