1024000
0
0
0
0
0
0
0
0
0
0
0
0
0
0
0
0
0
0
0
0
0
0
0
0
0
0
0
0
0
0
0
0
0
0
0
0
0
0
0
0
0
0
0
0
0
0
0
0
0
0
0
0
1
0
2
1
0
1
3
0
1
11
2
1
2
1
11
4
9
1
1
2
6
3
1
1
1
2
3
2
4
3
2
3
2
2
5
9
6
6
25
125
37
227
85
113
98
73
66
46
57
59
52
36
73
61
115
82
47
80
19
8
15
5
9
9
9
6
11
9
4
10
20
14
5
7
8
6
5
10
9
6
3
15
12
20
22
42
29
10
28
35
36
2
1
14
21
22
17
15
13
18
2
0
6
11
10
6
2
4
3
1
0
0
0
0
0
0
0
0
0
0
0
0
0
0
0
0
0
0
0
0
0
0
0
0
0
0
0
0
0
0
0
0
0
0
0
0
0
0
0
0
0
0
0
0
0
0
0
0
0
0
0
0
0
0
0
0
0
0
0
0
0
0
0
0
0
0
0
0
0
0
0
0
0
0
0
0
0
0
0
0
0
0
0
0
0
0
0
0
0
0
0
0
0
0
