1024000
0
0
0
0
0
0
0
0
0
0
0
0
0
0
0
0
0
0
0
0
0
0
0
0
0
0
0
0
0
0
0
0
0
0
0
0
0
0
0
0
0
0
0
0
0
0
0
0
0
0
0
0
0
0
0
0
0
0
0
0
0
0
0
0
0
0
18
5
3
2
0
0
0
0
0
0
1
0
2
1
5
8
9
4
7
4
6
6
7
1
7
12
1
7
9
4
1
5
2
4
3
9
48
52
64
96
245
228
53
63
43
58
40
36
46
27
43
75
48
51
46
19
13
7
10
10
12
11
8
10
12
8
6
7
8
12
3
7
2
5
5
7
7
8
14
10
15
10
15
24
25
8
27
25
16
2
31
18
8
6
8
7
4
6
8
4
2
5
2
1
1
0
1
0
1
2
0
0
0
1
1
0
0
0
1
0
0
0
0
0
0
0
0
0
0
0
0
0
0
0
0
0
0
0
0
0
0
0
0
0
0
0
0
0
1
0
0
0
0
0
0
0
0
0
0
0
0
0
0
0
0
0
0
0
0
0
0
0
0
0
0
0
0
0
0
0
0
0
0
0
0
0
0
0
0
0
