1024000
0
0
0
0
0
0
0
0
0
0
0
0
0
0
0
0
0
0
0
0
0
0
0
0
0
0
0
0
0
0
0
0
0
0
0
0
0
0
0
0
0
0
0
0
0
0
0
0
1
0
0
1
0
0
2
0
12
6
91
30
263
108
200
82
46
54
67
24
36
9
17
9
24
8
4
9
10
13
11
6
8
19
6
13
6
3
5
3
13
9
8
7
5
2
4
4
20
19
28
0
1
8
2
61
85
75
10
4
4
1
13
91
75
44
0
0
0
1
2
0
1
17
38
44
24
0
1
0
0
0
1
0
1
3
1
2
0
0
0
0
0
0
0
0
0
0
0
0
0
0
0
0
0
0
0
0
0
0
0
0
0
0
0
0
0
0
0
0
0
0
0
0
0
0
0
0
0
0
0
0
0
0
0
0
0
0
0
0
0
0
0
0
0
0
0
0
0
0
0
0
0
0
0
0
0
0
0
0
0
0
0
0
0
0
0
0
0
0
0
0
0
0
0
0
0
0
0
0
0
0
0
0
0
0
0
0
0
0
0
0
0
0
0
0
0
0
0
0
0
0
0
0
0
0
0
0
