1024000
0
0
0
0
0
0
0
0
0
0
0
0
0
0
0
0
0
0
0
0
0
0
0
0
0
0
0
0
0
0
0
0
0
0
4
10
0
2
0
4
28
0
0
0
8
0
49
2
6
10
5
3
1
4
1
2
4
0
0
3
2
0
4
0
0
1
2
1
1
2
1
1
2
0
3
1
1
2
1
0
7
48
71
112
73
94
88
52
37
50
46
58
26
29
23
27
28
36
21
19
11
17
7
11
8
7
7
9
10
18
5
8
18
9
5
2
5
12
11
10
12
9
15
14
3
2
31
29
29
17
29
38
36
1
2
23
68
45
19
4
1
32
23
27
3
1
3
21
11
7
0
0
0
0
2
2
5
0
0
0
0
0
0
0
0
0
0
0
0
0
0
0
0
0
0
0
0
0
0
0
0
0
0
0
0
0
0
0
0
0
0
0
0
0
0
0
0
0
0
0
0
0
0
0
0
0
0
0
0
0
0
0
0
0
0
0
0
0
0
0
0
0
0
0
0
0
0
0
0
0
0
0
0
0
0
0
0
0
0
0
0
0
0
0
0
0
0
0
0
0
0
0
0
0
0
0
