1024000
0
0
0
0
0
0
0
0
0
0
0
0
0
0
0
0
0
0
0
0
0
0
0
0
0
0
0
0
0
0
0
0
0
0
0
0
0
0
0
0
0
0
0
0
0
0
0
0
0
0
0
0
0
0
0
0
0
0
0
0
1
3
0
6
3
4
8
6
2
3
9
2
20
1
5
1
2
6
0
3
1
3
0
1
0
9
0
9
2
4
3
15
11
124
86
312
511
179
70
62
76
35
37
52
39
60
72
103
56
78
71
49
24
15
15
14
15
10
14
7
3
5
14
8
11
12
3
7
7
8
2
19
6
12
9
5
6
10
24
24
28
22
39
47
32
4
23
22
11
0
1
16
17
18
1
16
10
4
0
0
0
4
4
0
0
0
0
0
0
0
0
0
0
0
0
0
0
0
0
0
0
0
0
0
0
0
0
0
0
0
0
0
0
0
0
0
0
0
0
0
0
0
0
0
0
0
0
0
0
0
0
1
0
0
0
0
0
0
0
0
0
0
0
0
0
0
0
0
0
0
0
0
0
0
0
0
0
0
0
0
0
0
0
0
0
0
0
0
0
0
0
0
0
0
0
0
