1024000
0
0
0
0
0
0
0
0
0
0
0
0
0
0
0
0
0
0
0
0
0
0
0
0
0
0
0
0
0
0
0
0
0
0
0
0
0
0
0
0
0
0
0
0
0
0
0
0
0
0
0
0
0
0
0
0
0
0
0
0
0
0
0
0
0
0
0
0
0
0
0
0
0
0
0
0
0
0
0
0
0
0
0
0
0
0
0
0
0
0
0
0
0
0
0
0
0
0
0
0
0
0
0
7
10
1
3
1
2
0
1
1
0
0
0
0
0
0
0
0
0
0
0
1
0
0
0
0
0
75
159
24
5
11
116
426
1203
498
321
446
65
15
35
71
47
38
33
35
45
48
67
34
28
23
25
29
19
11
15
7
4
4
4
4
5
3
3
1
4
1
3
1
3
4
1
1
0
0
0
0
2
2
0
1
1
1
1
9
2
4
6
8
0
0
4
27
5
1
1
0
0
0
0
0
0
0
0
0
0
0
1
0
0
1
1
0
1
0
0
0
0
0
0
0
0
0
1
1
1
0
0
0
0
0
0
0
0
0
0
0
0
0
0
0
0
0
0
0
0
0
0
0
0
0
0
0
