1024000
0
0
0
0
0
0
0
0
0
0
0
0
0
0
0
0
0
0
0
0
0
0
0
0
0
0
0
0
0
0
0
0
0
0
0
0
0
0
0
0
0
0
0
0
0
0
0
0
0
0
0
0
0
0
0
0
0
0
0
0
0
0
0
0
0
0
0
0
0
0
0
0
0
0
0
0
0
0
0
0
0
0
0
0
0
0
0
0
0
0
0
0
0
0
0
1
2
4
5
4
3
4
1
3
0
0
0
1
0
0
0
0
0
0
1
0
0
0
2
0
0
1
0
0
0
1
14
25
35
543
588
723
266
231
267
58
52
53
75
29
44
41
47
46
37
40
39
30
19
22
14
9
8
4
6
10
7
6
1
3
5
0
6
2
2
3
3
3
4
0
1
4
2
3
0
1
1
1
2
1
3
1
0
4
1
3
0
5
1
0
9
9
1
0
0
0
0
0
0
0
0
0
0
0
0
0
0
2
0
0
0
0
0
0
0
1
0
1
0
0
0
0
0
0
1
0
0
0
0
0
0
0
0
0
0
0
0
0
0
0
0
0
0
0
0
0
0
0
0
0
0
0
0
0
0
0
