1024000
0
0
0
0
0
0
0
0
0
0
0
0
0
0
0
0
0
0
0
0
0
0
0
0
0
0
0
0
0
0
0
0
0
0
0
0
0
0
0
0
0
0
0
0
0
0
0
0
0
1
1
0
0
2
0
2
2
0
8
2
1
4
3
7
0
4
17
0
2
4
1
5
0
2
2
2
2
1
0
0
1
0
3
3
4
1
2
1
2
6
285
559
311
555
158
62
66
50
35
46
49
42
41
63
94
112
82
111
86
30
15
9
12
7
9
9
12
8
3
13
13
9
8
14
11
5
13
8
8
11
9
6
8
8
16
42
8
22
40
26
5
4
4
34
24
11
11
16
19
18
1
3
19
12
5
3
2
13
1
1
0
1
0
0
0
0
0
0
0
0
0
0
0
0
0
0
0
0
0
0
0
0
0
0
0
0
0
0
0
0
0
0
0
0
0
0
0
0
0
0
0
0
0
0
0
0
0
0
0
0
0
0
0
0
0
0
0
0
0
0
0
0
0
0
0
0
0
0
0
0
0
0
0
0
0
0
0
0
0
0
0
0
0
0
0
0
0
0
0
0
0
0
0
0
0
0
