1024000
0
0
0
0
0
0
0
0
0
0
0
0
0
0
0
1
0
0
10
0
0
0
0
0
0
0
0
0
0
1
0
0
0
0
0
0
0
0
2
0
0
0
0
0
0
0
0
0
0
0
0
0
0
1
0
0
1
1
0
0
0
3
1
5
19
75
242
279
108
73
158
54
55
58
25
20
19
20
11
13
11
22
7
10
6
10
4
2
4
12
8
7
12
1
3
3
5
7
3
3
6
25
14
13
6
3
2
10
31
39
68
20
5
7
5
13
82
64
36
3
3
5
1
33
47
27
1
0
1
4
7
16
26
4
0
0
1
0
1
0
0
0
0
1
0
0
0
0
0
1
0
0
0
0
0
0
0
0
0
0
0
0
0
0
0
0
0
0
0
0
0
0
0
0
0
0
0
0
0
0
0
0
0
0
0
0
0
0
0
0
0
0
0
0
0
0
0
0
0
0
0
0
0
0
0
0
0
0
0
0
0
0
0
0
0
0
0
0
0
0
0
0
0
0
0
0
0
0
0
0
0
0
0
0
0
0
0
0
0
0
0
0
0
0
0
0
0
0
0
0
0
0
0
0
0
0
