1024000
0
0
0
0
0
0
0
0
0
0
0
0
0
0
0
17
0
0
0
1
0
0
0
0
0
2
0
23
0
0
16
0
0
0
1
6
0
0
0
0
1
0
0
2
0
0
0
0
0
0
1
4
0
0
0
2
0
0
0
1
0
0
0
2
1
2
1
2
1
32
98
208
142
262
129
42
58
51
52
33
44
19
14
19
18
5
17
20
11
8
8
11
7
5
5
10
13
10
3
12
19
5
1
5
6
12
8
4
6
11
26
22
29
4
4
27
52
65
10
6
1
2
6
83
64
36
2
1
5
5
37
33
63
1
0
0
1
9
24
9
5
0
0
0
1
5
7
1
0
0
0
0
0
0
0
0
0
0
2
0
0
0
0
0
0
0
0
0
0
0
0
0
0
0
0
0
0
0
0
0
0
0
0
0
0
0
0
0
0
0
0
0
0
0
0
0
0
0
0
0
0
0
0
0
0
0
0
0
0
0
0
0
0
0
0
0
0
0
0
0
0
0
0
0
0
0
0
0
0
0
0
0
0
0
0
0
0
0
0
0
0
0
0
0
0
0
0
0
0
0
0
0
0
0
0
0
