1024000
0
0
0
0
0
0
0
0
0
0
0
0
0
0
0
0
0
0
0
0
0
0
0
0
0
0
0
0
0
0
0
0
0
0
0
0
0
0
0
0
0
0
0
0
0
0
0
0
0
0
0
0
0
0
0
0
0
0
0
0
0
0
1
0
4
1
0
5
0
2
4
4
3
1
5
13
0
3
0
3
2
3
1
2
3
2
2
8
6
4
6
2
3
3
6
44
78
55
282
396
170
40
63
34
35
57
62
45
55
69
61
67
40
46
33
27
10
6
8
11
4
19
15
14
12
12
11
7
6
12
9
2
4
7
9
6
10
10
8
7
17
16
9
24
28
22
10
32
41
21
8
31
21
5
10
17
11
0
0
3
10
8
4
0
3
0
0
0
0
0
0
0
1
1
0
0
0
0
0
0
0
0
0
0
0
0
0
0
0
0
0
0
0
0
0
0
0
0
0
0
0
0
0
0
0
0
0
0
0
0
0
0
0
0
0
0
0
0
0
0
0
0
0
0
0
0
0
0
0
0
0
0
0
0
0
0
0
0
0
0
0
0
0
0
0
0
0
0
0
0
0
0
0
0
0
0
