1024000
0
0
0
0
0
0
0
0
0
0
0
0
0
0
0
0
0
0
0
0
0
0
0
0
0
0
0
0
0
0
0
0
0
0
0
0
0
0
0
0
0
0
0
0
0
0
0
0
0
0
0
0
0
0
0
0
0
0
0
0
0
0
0
0
0
0
0
0
0
0
0
0
0
0
0
0
0
0
0
0
0
0
0
0
0
0
0
0
0
0
0
0
0
0
0
0
0
0
0
0
0
0
0
0
0
0
0
0
0
0
0
0
0
0
0
0
0
0
0
0
0
0
6
13
1
2
0
0
1
2
1
0
2
2
1
0
0
0
0
0
1
0
1
2
1
0
0
184
565
838
353
38
21
49
38
31
220
110
27
13
14
85
53
33
60
33
29
31
24
32
23
27
27
22
17
17
18
8
9
4
6
1
2
2
1
2
3
1
2
2
1
2
1
5
1
0
0
1
2
2
6
3
0
4
0
1
0
0
0
0
1
0
1
0
1
0
0
0
0
0
0
0
0
0
0
0
1
0
1
0
2
0
2
0
0
0
0
0
0
0
0
0
0
0
0
0
0
0
0
0
0
0
0
0
0
0
