1024000
0
0
0
0
0
0
0
0
0
0
0
0
0
0
0
0
0
0
0
0
0
0
0
0
0
0
0
0
0
0
0
0
0
0
0
0
0
0
0
0
0
0
0
0
0
0
0
1
3
0
5
2
2
3
3
19
4
5
7
16
1
4
2
2
2
1
0
1
1
2
0
3
2
3
1
4
0
3
3
2
3
2
4
3
1
2
10
18
451
337
678
161
127
59
27
44
46
47
35
54
41
70
81
56
91
21
15
16
10
11
10
13
5
14
12
18
7
12
14
9
7
12
10
7
3
11
9
11
12
18
18
9
3
8
28
40
44
13
40
39
17
1
0
17
23
24
15
19
17
17
0
0
1
4
7
1
0
0
2
2
0
0
1
0
0
0
0
0
0
0
0
1
0
0
0
0
0
0
0
0
0
0
0
0
0
0
0
0
0
0
0
0
0
0
0
0
0
0
0
0
0
0
0
0
0
0
0
0
0
0
0
0
1
0
0
0
0
0
0
0
0
0
0
0
0
0
0
0
0
0
0
0
0
0
0
0
0
0
0
0
0
0
0
0
0
0
0
0
0
0
0
0
0
0
0
0
