1024000
0
0
0
0
0
0
0
0
0
0
0
0
0
0
0
0
0
0
6
0
0
0
0
0
0
0
0
0
0
0
0
0
0
0
0
0
0
0
0
0
0
0
0
0
2
0
0
0
0
0
0
0
0
0
0
0
0
1
2
2
35
9
78
61
269
161
82
130
34
42
46
37
38
15
21
10
11
6
10
4
20
16
12
11
10
2
6
13
1
11
1
4
3
2
6
2
4
2
6
3
29
18
21
3
1
4
4
32
57
72
13
6
3
4
7
93
47
17
2
0
0
3
35
44
51
5
0
0
0
0
0
0
0
3
1
4
0
0
1
0
0
0
0
1
0
0
0
0
0
0
0
0
0
0
0
0
0
0
0
0
0
0
0
0
0
0
0
0
0
0
0
0
0
0
0
0
0
0
0
0
0
0
0
0
0
0
0
0
0
0
0
0
0
0
0
0
0
0
0
0
0
0
0
0
0
0
0
0
0
0
0
0
0
0
0
0
0
0
0
0
0
0
0
0
0
0
0
0
0
0
0
0
0
0
0
0
0
0
0
0
0
0
0
0
0
0
0
0
0
0
0
0
0
0
0
0
