1024000
8
8
10
12
7
7
6
7
16
10
10
11
16
8
10
12
26
37
55
33
31
37
44
51
35
37
32
34
35
40
52
32
241
290
237
685
758
543
37
11
3
56
75
0
0
0
0
0
0
0
0
0
0
0
0
0
0
1
1
1
2
0
0
0
0
3
1
0
0
0
0
0
0
0
0
0
0
0
0
0
0
0
0
0
0
0
0
0
0
0
0
0
0
0
0
0
0
0
0
0
0
0
0
0
0
0
0
0
0
0
0
0
0
0
0
0
0
0
0
0
0
0
0
0
0
0
0
0
0
0
0
0
0
0
0
0
0
0
0
0
0
0
0
0
0
0
0
0
0
0
0
0
0
0
0
0
0
0
0
0
0
0
0
0
0
0
0
0
0
0
0
0
0
0
0
0
0
0
0
0
0
0
0
0
0
0
0
0
0
0
0
0
0
0
0
0
0
0
0
0
0
0
0
0
0
0
0
0
0
0
0
0
0
0
2
0
0
0
0
0
12
1
0
7
9
0
2
13
7
1
26
2
0
37
2
39
5
0
77
4
62
1
54
6
29
40
2
22
27
7
18
12
5
9
9
6
2
6
9
9
7
12
7
6
11
4
12
12
11
12
14
6
5
16
51
59
46
46
42
53
46
38
38
48
35
54
43
35