1024000
0
0
0
0
0
0
0
0
0
0
0
0
0
0
0
0
0
0
0
0
0
0
0
0
0
0
0
0
0
0
0
0
0
0
0
0
0
0
0
0
0
0
0
0
0
0
0
0
0
0
0
0
0
0
0
0
0
0
0
0
0
0
0
0
0
0
0
0
0
0
0
0
0
0
0
0
0
0
0
0
0
0
0
0
0
0
0
0
0
0
0
0
0
0
0
0
0
0
0
0
0
0
0
0
0
0
0
0
0
0
0
0
0
0
0
0
0
0
0
0
0
0
0
0
0
0
0
0
0
0
0
0
0
0
0
0
0
0
0
0
0
0
0
0
2
0
0
0
0
0
24
0
0
1
41
1
2
0
113
1
74
7
2
75
5
6
45
0
61
4
38
1
15
1
9
6
3
6
1
22
5
10
19
12
11
13
12
6
5
9
9
6
15
10
43
33
42
57
37
34
56
32
46
35
49
30
76
63
68
133
166
59
138
167
157
11
6
11
8
5
5
1
1
0
0
0
0
0
0
1
0
2
0
0
0
0
0
0
0
1
1
2
8
16
9
5
0
0
0
0
0
0
0
0
0
0
0
0
0
0
0
0
0
0
0
0
0
0
0
0
0
0
0
0
0
0
0
0
0
0
0
0
0
0
0
0
0
0