1024000
0
0
0
0
0
1
1
0
3
1
4
2
4
13
6
9
8
31
7
15
6
15
8
4
4
8
7
3
2
1
2
2
1
2
2
0
0
3
2
1
4
4
3
2
2
4
7
8
8
22
20
26
26
32
35
33
36
26
25
26
33
42
32
72
44
26
15
23
39
80
32
13
2
149
492
1696
1238
556
15
0
0
0
2
0
0
1
2
0
2
0
0
0
0
0
0
0
0
0
0
0
0
0
0
0
0
0
0
0
0
0
0
0
0
0
0
0
0
0
0
0
0
0
0
0
0
0
0
0
0
0
0
0
0
0
0
0
0
0
0
0
0
0
0
0
0
0
0
0
0
0
0
0
0
0
0
0
0
0
0
0
0
0
0
0
0
0
0
0
0
0
0
0
0
0
0
0
0
0
0
0
0
0
0
0
0
0
0
0
0
0
0
0
0
0
0
0
0
0
0
0
0
0
0
0
0
0
0
0
0
0
0
0
0
0
0
0
0
0
0
0
0
0
0
0
0
0
0
0
0
0
0
0
0
0
0
0
0
0
0
0
0
0
0
0
0
0
0
0
1
0
0
0
1
0
0
0
0
0
0
0
1
3
0
4
2
4
2
2
3
10
1
6
9
13
15
16
9
13
10
3
12
2
7
1
4
0
4
1