1024000
10
11
3
5
10
8
9
15
22
19
21
15
20
50
47
51
81
31
102
304
112
121
45
5
2
0
3
3
1
3
3
2
1
2
1
2
7
8
2
5
3
10
4
10
2
0
1
0
0
0
0
1
0
2
1
2
5
1
0
0
0
0
0
0
0
0
0
0
0
0
0
0
0
0
0
0
0
0
0
0
0
0
0
0
0
0
0
0
0
0
0
0
0
0
0
0
0
0
0
0
0
0
0
0
0
0
0
0
0
0
0
0
0
0
0
0
0
0
0
0
0
0
0
0
0
0
0
0
0
0
0
0
0
0
0
0
0
0
0
0
0
0
0
0
0
0
0
0
0
0
0
0
0
0
0
0
0
0
0
0
0
0
0
0
0
0
0
0
0
0
0
0
0
0
0
0
0
0
0
0
0
0
0
0
0
0
0
0
0
0
0
0
0
0
0
0
0
0
0
0
0
0
0
0
0
0
0
0
0
0
0
0
0
0
0
0
0
0
0
0
0
3
0
0
0
0
0
0
0
11
45
7
4
0
0
51
76
17
0
22
61
5
1
41
2
1
26
6
5
8
4
8
14
6
13
11
9
10
10
9
6
14
10
19
24
18
21
15
27
20
53
77
98
44
50
181
73
161
59
17
5
3
1
3
1
4
2
0