1024000
0
0
0
0
0
0
0
0
0
0
0
0
0
0
0
0
0
0
0
0
0
0
0
0
0
0
0
0
0
0
0
0
0
0
0
0
0
0
0
0
0
0
0
0
0
0
0
0
0
0
0
0
0
0
0
0
0
0
0
0
0
0
0
0
0
0
0
0
0
0
0
0
0
0
0
0
0
0
0
0
0
0
0
0
0
0
0
0
0
0
0
0
0
0
0
0
0
0
0
0
0
0
0
0
0
0
0
0
0
0
0
0
0
0
0
0
0
0
0
0
0
0
0
0
0
0
0
0
0
0
0
0
1
1
0
0
0
0
0
0
0
14
0
0
0
0
0
40
1
0
0
72
6
1
1
60
3
75
5
2
48
4
23
26
3
17
7
21
3
12
4
14
10
5
6
8
15
10
7
9
7
13
6
11
14
11
21
65
88
112
61
67
60
28
63
57
51
70
68
35
115
218
96
158
56
26
6
5
6
4
4
6
7
13
13
10
5
2
0
1
0
0
0
1
1
0
0
0
0
0
1
4
1
2
1
5
2
3
1
0
0
0
0
0
0
0
0
0
0
0
0
0
0
0
0
0
0
0
0
0
0
0
0
0
0
0
0
0
0
0
0
0
0
0
0
0
0
0
0
0
0
0
0
0
0
0
0
0