1024000
0
0
0
0
0
0
0
0
0
0
0
0
0
0
0
0
0
0
0
0
0
0
0
0
0
0
0
0
0
0
0
0
0
0
0
0
0
0
0
0
0
0
0
0
0
0
0
0
0
0
0
0
0
0
0
0
0
0
0
0
0
0
0
0
0
0
0
0
0
0
0
0
0
0
0
0
0
0
0
0
0
0
0
0
1
1
0
0
0
0
11
1
0
0
21
0
0
5
26
1
27
5
2
42
4
36
26
3
56
8
84
5
50
5
37
27
2
23
16
7
11
5
11
7
2
5
7
15
12
8
5
12
8
10
13
14
10
6
10
10
7
13
30
25
46
41
50
54
58
46
49
33
92
18
47
76
133
283
213
685
824
166
6
25
8
1
0
0
0
0
0
0
0
1
0
1
0
1
0
0
0
0
0
1
1
2
1
1
2
0
2
0
0
0
0
0
0
0
0
0
0
0
0
0
0
0
0
0
0
0
0
0
0
0
0
0
0
0
0
0
0
0
0
0
0
0
0
0
0
0
0
0
0
0
0
0
0
0
0
0
0
0
0
0
0
0
0
0
0
0
0
0
0
0
0
0
0
0
0
0
0
0
0
0
0
0
0
0
0
0
0
0
0
0
0
0
0
0
0
0
0
0
0
0
0
0
0
0