1024000
0
0
2
0
3
1
0
0
1
3
2
1
6
4
1
2
3
2
3
3
5
3
4
3
6
7
3
6
14
11
17
17
20
47
73
95
471
2469
1170
48
41
20
14
21
263
1742
313
0
0
0
0
0
0
0
0
0
0
0
0
0
0
0
0
0
0
0
0
0
0
0
0
0
0
0
0
0
0
0
0
0
0
0
0
0
0
0
0
0
0
0
0
0
0
0
0
0
0
0
0
0
0
0
0
0
0
0
0
0
0
0
0
0
0
0
0
0
0
0
0
0
0
0
0
0
0
0
0
0
0
0
0
0
0
0
0
0
0
0
0
0
0
0
0
0
0
0
0
0
0
0
0
0
0
0
0
0
0
0
0
0
0
0
0
0
0
0
0
0
0
0
0
0
0
0
0
0
0
0
0
0
0
0
0
0
0
0
0
0
0
0
0
0
0
0
0
0
0
0
0
0
0
0
0
0
0
1
1
0
0
0
0
0
0
0
0
0
0
0
0
0
0
0
0
0
0
0
0
0
0
0
0
0
0
0
0
0
0
1
1
0
0
0
0
0
1
0
0
1
0
7
1
2
0
0
1
1
0
1
0
1
2
0
2
0
3
0
2
2
1
9
3
5
4
1
1
2
2
3
6
4
9
9
4
4
8
19
10
17