1024000
4
14
37
3
0
3
23
11
7
11
2
3
12
9
12
9
22
36
53
83
72
48
203
83
175
98
29
11
8
0
0
1
1
0
0
0
0
1
0
0
0
2
3
2
1
0
1
1
0
0
0
0
2
1
2
11
0
16
19
1
7
2
1
0
0
0
0
0
0
0
0
0
0
0
0
0
0
0
0
0
0
0
0
0
0
0
0
0
0
0
0
0
0
0
0
0
0
0
0
0
0
0
0
0
0
0
0
0
0
0
0
0
0
0
0
0
0
0
0
0
0
0
0
0
0
0
0
0
0
0
0
0
0
0
0
0
0
0
0
0
0
0
0
0
0
0
0
0
0
0
0
0
0
0
0
0
0
0
0
0
0
0
0
0
0
0
0
0
0
0
0
0
0
0
0
0
0
0
0
0
0
0
0
0
0
0
0
0
0
0
0
0
0
0
0
0
0
0
0
0
0
0
0
0
0
0
0
0
0
0
0
0
0
0
0
0
0
0
0
0
0
0
0
0
0
0
0
0
0
0
0
0
0
0
0
0
0
0
0
0
0
0
0
37
12
0
1
0
0
6
0
0
102
18
0
45
15
1
21
13
23
3
11
13
0
17
7
5
9
8
4
25
14
20
36
11
76
117
24
113
117
187
164
111
11
12
2
1