1024000
124
29
13
3
5
3
2
4
2
2
7
5
3
10
8
9
10
6
2
0
2
3
1
1
1
1
0
3
0
4
2
24
3
4
0
2
0
0
0
0
1
0
0
0
0
0
0
0
0
0
0
0
0
0
0
0
0
0
0
0
0
0
0
0
0
0
0
0
0
0
0
0
0
0
0
0
0
0
0
0
0
0
0
0
0
0
0
0
0
0
0
0
0
0
0
0
0
0
0
0
0
0
0
0
0
0
0
0
0
0
0
0
0
0
0
0
0
0
0
0
0
0
0
0
0
0
0
0
0
0
0
0
0
0
0
0
0
0
0
0
0
0
0
0
0
0
0
0
0
0
0
0
0
0
0
0
0
0
0
0
0
0
0
0
0
0
0
0
0
0
0
0
0
0
0
0
0
0
0
0
0
0
0
0
0
0
0
0
0
0
0
0
0
0
0
0
0
0
0
0
0
19
0
1
1
0
0
104
12
8
4
74
1
1
0
59
10
17
13
2
16
4
1
9
5
6
3
6
3
9
8
9
13
5
11
8
5
10
11
23
17
30
17
42
23
46
22
29
47
40
27
61
96
158
85
378
86
24
13
6
4
5
6
3
1
5
9
11
2
7
11
3
8
13
6
2
2
1
2
1
0
1
1
2
3
2
2
3