1024000
0
0
0
0
0
0
0
0
0
0
0
0
0
0
0
0
0
0
0
0
0
0
0
0
0
0
0
0
0
0
0
0
0
0
0
0
0
0
0
0
0
0
0
0
0
0
0
0
0
0
0
0
0
0
0
0
0
0
0
0
0
0
0
0
0
0
0
0
0
0
0
0
0
0
0
0
0
0
0
0
0
0
0
0
0
0
0
0
0
0
0
0
0
0
0
0
0
0
0
0
0
0
0
0
0
0
0
0
0
0
0
0
0
0
0
0
0
0
0
0
0
0
0
0
0
0
2
0
1
0
1
0
0
0
0
42
0
6
1
0
36
110
1
3
41
40
10
1
36
9
4
27
7
18
7
2
14
3
3
12
5
13
8
15
2
18
9
8
7
20
13
18
18
22
19
34
42
43
84
36
52
102
139
583
278
50
18
5
3
1
9
2
9
2
2
8
4
6
5
6
4
6
6
6
6
5
0
5
1
2
0
3
0
0
0
2
1
4
11
4
7
1
0
0
0
0
0
0
0
0
0
0
0
0
0
0
0
0
0
0
0
0
0
0
0
0
0
0
0
0
0
0
0
0
0
0
0
0
0
0
0
0
0
0
0
0
0
0
0
0
0
0
0
0
0
0
0
0
0
0
0
0
0
0
0
0
0
0