1024000
0
0
0
0
0
0
0
0
0
0
0
0
0
0
0
0
0
0
0
0
0
0
0
0
0
0
0
0
0
0
0
0
0
0
0
0
0
0
0
0
0
0
0
0
0
0
0
0
0
0
0
0
0
0
0
0
0
0
0
0
0
0
0
0
0
0
0
0
0
1
2
0
0
0
0
0
0
0
1
0
0
1
0
1
0
0
2
0
0
1
0
0
0
0
3
5
0
1
1
10
1
11
12
10
3
11
8
12
13
8
30
18
22
11
12
16
11
2
4
2
4
2
2
0
2
2
1
2
1
1
2
3
0
5
3
7
2
10
4
5
16
20
36
51
28
33
31
33
38
35
34
32
22
22
58
52
14
18
48
63
116
24
11
7
14
275
2062
1790
656
93
0
0
0
0
1
0
0
1
2
2
0
0
0
0
0
0
0
0
0
0
0
0
0
0
0
0
0
0
0
0
0
0
0
0
0
0
0
0
0
0
0
0
0
0
0
0
0
0
0
0
0
0
0
0
0
0
0
0
0
0
0
0
0
0
0
0
0
0
0
0
0
0
0
0
0
0
0
0
0
0
0
0
0
0
0
0
0
0
0
0
0
0
0
0
0
0
0
0
0
0
0
0
0
0
0
0
0
0
0
0
0
0
0
0
0
0
0
0
0
0
0
0
0
0
0
0
0
0
0
0
0
0
0
0
0
0
0
0
0
0
0
0
0
0
0
0
0
0
0
0
0
0
0
0
0
0
0
0
0
0
0
0
0
0
0
0
1
0
0
0
0
0
1
0
0
1
0
2
2
1
1
3
4
0
7
8
0
6
7
1
8
12
7
7
11
18
7
9
18
7
3
18
6
7
6
6
5
3
7
1
7
2
2
2
3
1
2
5
4
0
4
5
2
6
4
8
5
28
26
30
30
20
26
29
38
39
28
29
49
55
29
47
85
16
20
57
99
103
55
8
9
53
219
1586
2094
1106
137
0
0
1
0
0
0
0
0
2
0
2
0
0
0
0
0
0
0
0
0
0
0
0
0
0
0
0
0
0
0
0
0
0
0
0
0
0
0
0
0
0
0
0
0
0
0
0
0
0
0
0
0
0
0
0
0
0
0
0
0
0
0
0
0
0
0
0
0
0
0
0
0
0
0
0
0
0
0
0
0
0
0
0
0
0
0
0
0
0
0
0
0
0
0
0
0
0
0
0
0
0
0
0
0
0
0
0
0
0
0
0
0
0
0
0
0
0
0
0
0
0
0
0
0
0
0
0
0
0
0
0
0
0
0
0
0
0
0
0
0
0
0
0
0
0
0
0
0
0
0
0
0
0
0
0
0
0
0
0
0
0
0
0
0
0
0
0
0
0
0
0
0
0
0
1
1
0
0
0
0
1
4
1
7
4
1
1
1
2
2
9
4
7
9
18
11
6
25
0
17
14
6
9
6
5
5
3
3
0
1
2
1
2
2
0
3
0
2
6
1
8
6
7
4
9
6
6
13
51
48
29
28
40
29
31
34
46
33
32
40
32
53
50
20
15
30
47
109
23
15
12
46
337
2556
1427
565
161
0
0
1
0
1
0
0
1
1
2
2
0
0
0
0
0
0
0
0
0
0
0
0
0
0
0
0
0
0
0
0
0
0
0
0
0
0
0
0
0
0
0
0
0
0
0
0
0
0
0
0
0
0
0
0
0
0
0
0
0
0
0
0
0
0
0
0
0
0
0
0
0
0
0
0
0
0
0
0
0
0
0
0
0
0
0
0
0
0
0
0
0
0
0
0
0
0
0
0
0
0
0
0
0
0
0
0
0
0
0
0
0
0
0
0
0
0
0
0
0
0
0
0
0
0
0
0
0
0
0
0
0
0
0
0
0
0
0
0
0
0
0
0
0
0
0
0
0
0
0
0
0
0
0
0
0
0
0
0
0
0
0
0
0
0
0
0
0
0
0
0
1
0
1
0
0
0
0
0
2
0
3
1
0
7
0
4
4
6
0
6
11
13
11
7
19
11
22
13
8
16
10
0
13
1
7
2
1
3
5
3
0
2
1
5
1
1
2
2
5
1
5
4
2
9
8
11
14
31
21
34
25
27
37
24
37
38
37
34
37
33
72
37
26
18
28
58
61
33
7
3
64
226
2072
1274
431
137
0
0
0
0
1
1
0
0
1
1
0
0
0
0
0
0
0
0
0
0
0
0
0
0
0
0
0
0
0
0
0
0
0
0
0
0
0
0
0
0
0
0
0
0
0
0
0
0
0
0
0
0
0
0
0
0
0
0
0
0
0
0
0
0
0
0
0
0
0
0
0
0
0
0
0
0
0
0
0
0
0
0
0
0
0
0
0
0
0
0
0
0
0
0
0
0
0
0
0
0
0
0
0
0
0
0
0
0
0
0
0
0
0
0
0
0
0
0
0
0
0
0
0
0
0
0
0
0
0
0
0
0
0
0
0
0
0
0
0
0
0
0
0
0
0
0
0
0
0
0
0
0
0
1
0
0
0
0
0
0
0
0
0
0
0
0
0
0
0
0
0
0
0
0
0
1
0
0
0
0
3
1
3
3
1
1
5
2
6
8
6
4
6
12
10
12
12
14
0
16
5
5
4
4
1
0
0
2
2
1
0
2
2
2
3
2
2
2
3
1
3
5
5
6
2
4
14
11
29
31
23
24
27
25
30
33
36
20
33
60
54
59
55
16
24
32
88
77
52
8
5
169
327
2844
914
670
66
0
0
0
0
0
0
0
0
1
2
0
0
0
0
0
0
0
0
0
0
0
0
0
0
0
0
0
0
0
0
0
0
0
0
0
0
0
0
0
0
0
0
0
0
0
0
0
0
0
0
0
0
0
0
0
0
0
0
0
0
0
0
0
0
0
0
0
0
0
0
0
0
0
0
0
0
0
0
0
0
0
0
0
0
0
0
0
0
0
0
0
0
0
0
0
0
0
0
0
0
0
0
0
0
0
0
0
0
0
0
0
0
0
0
0
0
0
0
0
0
0
0
0
0
0
0
0
0
0
0
0
0
0
0
0
0
0
0
0
0
0
0
0
0
0
0
0
0
0
0
0
0
0
0
0
0
0
0
0
0
0
0
0
0
0
0
0
0
0
0
0
0
0
0
0
0
0
0
0
0
0
0
0
1
1
0
3
1
4
2
4
13
6
9
8
31
7
15
6
15
8
4
4
8
7
3
2
1
2
2
1
2
2
0
0
3
2
1
4
4
3
2
2
4
7
8
8
22
20
26
26
32
35
33
36
26
25
26
33
42
32
72
44
26
15
23
39
80
32
13
2
149
492
1696
1238
556
15
0
0
0
2
0
0
1
2
0
2
0
0
0
0
0
0
0
0
0
0
0
0
0
0
0
0
0
0
0
0
0
0
0
0
0
0
0
0
0
0
0
0
0
0
0
0
0
0
0
0
0
0
0
0
0
0
0
0
0
0
0
0
0
0
0
0
0
0
0
0
0
0
0
0
0
0
0
0
0
0
0
0
0
0
0
0
0
0
0
0
0
0
0
0
0
0
0
0
0
0
0
0
0
0
0
0
0
0
0
0
0
0
0
0
0
0
0
0
0
0
0
0
0
0
0
0
0
0
0
0
0
0
0
0
0
0
0
0
0
0
0
0
0
0
0
0
0
0
0
0
0
0
0
0
0
0
0
0
0
0
0
0
0
0
0
0
0
0
0
1
0
0
0
1
0
0
0
0
0
0
0
1
3
0
4
2
4
2
2
3
10
1
6
9
13
15
16
9
13
10
3
12
2
7
1
4
0
4
1
0
3
1
4
2
3
0
2
2
1
3
1
6
3
3
3
7
15
7
20
22
34
22
30
35
37
41
26
29
36
54
36
46
47
19
15
45
29
39
35
4
7
245
386
2123
519
349
7
0
0
1
1
0
0
2
2
3
2
0
0
0
0
0
0
0
0
0
0
0
0
0
0
0
0
0
0
0
0
0
0
0
0
0
0
0
0
0
0
0
0
0
0
0
0
0
0
0
0
0
0
0
0
0
0
0
0
0
0
0
0
0
0
0
0
0
0
0
0
0
0
0
0
0
0
0
0
0
0
0
0
0
0
0
0
0
0
0
0
0
0
0
0
0
0
0
0
0
0
0
0
0
0
0
0
0
0
0
0
0
0
0
0
0
0
0
0
0
0
0
0
0
0
0
0
0
0
0
0
0
0
0
0
0
0
0
0
0
0
0
0
0
0
0
0
0
0
0
0
0
0
0
0
0
0
0
0
0
0
0
0
0
0
0
0
0
1
0
0
0
0
0
0
0
1
0
0
3
0
1
0
0
7
1
1
5
4
6
0
8
9
6
9
18
9
5
25
0
11
6
7
5
7
3
2
3
1
3
2
2
3
1
3
1
0
1
2
1
3
1
2
4
1
5
6
5
12
15
31
25
29
26
36
36
31
31
25
54
42
49
56
28
16
26
24
36
42
30
5
12
165
710
1983
801
535
0
1
1
0
1
0
1
0
2
2
0
1
0
0
0
0
0
0
0
0
0
0
0
0
0
0
0
0
0
0
0
0
0
0
0
0
0
0
0
0
0
0
0
0
0
0
0
0
0
0
0
0
0
0
0
0
0
0
0
0
0
0
0
0
0
0
0
0
0
0
0
0
0
0
0
0
0
0
0
0
0
0
0
0
0
0
0
0
0
0
0
0
0
0
0
0
0
0
0
0
0
0
0
0
0
0
0
0
0
0
0
0
0
0
0
0
0
0
0
0
0
0
0
0
0
0
0
0
0
0
0
0
0
0
0
0
0
0
0
0
0
0
0
0
0
0
0
0
0
0
0
0
0
0
0
0
0
0
0
0
0
0
0
0
0
0
0
0
0
0
0
0
0
0
0
2
0
0
0
0
1
1
1
1
1
2
2
1
0
1
3
7
4
7
12
12
15
13
13
3
5
5
6
3
1
1
5
4
2
3
1
5
3
4
0
2
2
6
4
4
4
6
5
3
7
8
10
5
14
14
16
22
28
26
30
25
24
26
31
60
61
39
78
76
27
35
40
48
49
19
10
8
340
318
2486
741
240
0
0
0
0
0
0
0
0
0
2
1
0
0
0
0
0
0
0
0
0
0
0
0
0
0
0
0
0
0
0
0
0
0
0
0
0
0
0
0
0
0
0
0
0
0
0
0
0
0
0
0
0
0
0
0
0
0
0
0
0
0
0
0
0
0
0
0
0
0
0
0
0
0
0
0
0
0
0
0
0
0
0
0
0
0
0
0
0
0
0
0
0
0
0
0
0
0
0
0
0
0
0
0
0
0
0
0
0
0
0
0
0
0
0
0
0
0
0
0
0
0
0
0
0
0
0
0
0
0
0
0
0
0
0
0
0
0
0
0
0
0
0
0
0
0
0
0
0
0
0
0
0
0
0
0
0
0
0
0
0
0
0
0
0
0
0
0
0
0
0
0
0
0
0
0
0
0
0
0
0
0
2
0
3
2
1
0
3
0
7
0
4
7
6
6
9
1
8
3
4
8
1
0
1
1
0
1
2
2
0
0
3
0
0
3
3
0
1
2
3
1
2
5
5
2
5
5
6
8
11
18
16
29
33
19
32
29
30
35
33
45
41
87
53
16
27
36
24
56
20
9
12
268
337
2429
577
403
0
2
0
0
0
0
3
2
0
0
1
0
1
0
0
0
0
0
0
0
0
0
0
0
0
0
0
0
0
0
0
0
0
0
0
0
0
0
0
0
0
0
0
0
0
0
0
0
0
0
0
0
0
0
0
0
0
0
0
0
0
0
0
0
0
0
0
0
0
0
0
0
0
0
0
0
0
0
0
0
0
0
0
0
0
0
0
0
0
0
0
0
0
0
0
0
0
0
0
0
0
0
0
0
0
0
0
0
0
0
0
0
0
0
0
0
0
0
0
0
0
0
0
0
0
0
0
0
0
0
0
0
0
0
0
0
0
0
0
0
0
0
0
0
0
0
0
0
0
0
0
0
0
0
0
0
0
0
0
0
0
0
0
0
0
0
0
0
0
0
0
0
0
0
0
0
0
0
0
1
1
0
2
1
1
4
2
2
0
3
3
10
3
9
5
5
12
7
4
4
3
0
1
4
0
3
1
0
2
0
4
1
0
2
1
2
3
3
2
2
6
2
2
3
4
6
3
8
11
10
22
20
28
21
23
32
30
32
25
37
34
39
104
47
23
23
21
21
38
25
13
10
585
527
3481
774
300
0
0
1
0
0
1
1
1
0
2
0
0
1
0
0
0
0
0
0
0
0
0
0
0
0
0
0
0
0
0
0
0
0
0
0
0
0
0
0
0
0
0
0
0
0
0
0
0
0
0
0
0
0
0
0
0
0
0
0
0
0
0
0
0
0
0
0
0
0
0
0
0
0
0
0
0
0
0
0
0
0
0
0
0
0
0
0
0
0
0
0
0
0
0
0
0
0
0
0
0
0
0
0
0
0
0
0
0
0
0
0
0
0
0
0
0
0
0
0
0
0
0
0
0
0
0
0
0
0
0
0
0
0
0
0
0
0
0
0
0
0
0
0
0
0
0
0
0
0
0
0
0
0
0
0
0
0
0
0
0
0
0
0
0
0
0
0
1
0
0
0
0
0
0
0
0
0
1
0
0
2
0
1
0
6
1
0
5
4
2
0
6
6
4
8
9
4
4
3
7
2
5
0
1
2
3
1
3
4
2
4
2
1
3
1
1
3
2
1
1
2
6
2
4
5
2
11
8
11
18
12
22
25
27
27
40
26
24
36
48
69
74
100
54
26
25
30
39
24
18
9
37
355
447
2070
835
166
0
1
0
1
0
0
0
0
2
1
0
0
0
0
0
0
0
0
0
0
0
0
0
0
0
0
0
0
0
0
0
0
0
0
0
0
0
0
0
0
0
0
0
0
0
0
0
0
0
0
0
0
0
0
0
0
0
0
0
0
0
0
0
0
0
0
0
0
0
0
0
0
0
0
0
0
0
0
0
0
0
0
0
0
0
0
0
0
0
0
0
0
0
0
0
0
0
0
0
0
0
0
0
0
0
0
0
0
0
0
0
0
0
0
0
0
0
0
0
0
0
0
0
0
0
0
0
0
0
0
0
0
0
0
0
0
0
0
0
0
0
0
0
0
0
0
0
0
0
0
0
0
0
0
0
0
0
0
0
0
0
0
0
0
0
0
0
0
1
0
0
0
0
0
0
1
3
0
1
1
0
0
1
1
0
1
2
3
1
2
3
4
3
7
6
13
0
0
6
0
8
0
2
2
1
1
3
1
0
2
2
3
0
3
3
2
3
0
1
4
6
4
5
4
7
8
5
3
9
19
21
19
27
26
25
35
22
21
26
40
45
41
98
73
33
29
24
36
34
13
11
23
633
537
2159
1061
268
0
0
0
0
1
0
0
1
0
1
0
0
0
0
0
0
0
0
0
0
0
0
0
0
0
0
0
0
0
0
0
0
0
0
0
0
0
0
0
0
0
0
0
0
0
0
0
0
0
0
0
0
0
0
0
0
0
0
0
0
0
0
0
0
0
0
0
0
0
0
0
0
0
0
0
0
0
0
0
0
0
0
0
0
0
0
0
0
0
0
0
0
0
0
0
0
0
0
0
0
0
0
0
0
0
0
0
0
0
0
0
0
0
0
0
0
0
0
0
0
0
0
0
0
0
0
0
0
0
0
0
0
0
0
0
0
0
0
0
0
0
0
0
0
0
0
0
0
0
0
0
0
0
0
0
0
0
0
0
0
0
0
0
0
0
0
0
0
0
0
0
0
0
0
1
1
0
2
0
0
2
0
0
0
3
2
0
4
2
6
0
10
6
3
9
3
3
6
4
4
3
3
4
3
3
0
1
3
3
0
0
1
2
4
2
0
2
2
2
3
0
2
0
6
3
3
8
7
14
13
15
22
24
28
29
34
34
30
19
41
56
49
105
66
28
24
20
17
29
7
8
26
543
315
3543
1085
75
0
0
0
2
0
0
0
0
2
0
0
0
0
0
0
0
0
0
0
0
0
0
0
0
0
0
0
0
0
0
0
0
0
0
0
0
0
0
0
0
0
0
0
0
0
0
0
0
0
0
0
0
0
0
0
0
0
0
0
0
0
0
0
0
0
0
0
0
0
0
0
0
0
0
0
0
0
0
0
0
0
0
0
0
0
0
0
0
0
0
0
0
0
0
0
0
0
0
0
0
0
0
0
0
0
0
0
0
0
0
0
0
0
0
0
0
0
0
0
0
0
0
0
0
0
0
0
0
0
0
0
0
0
0
0
0
0
0
0
0
0
0
0
0
0
0
0
0
0
0
0
0
0
0
0
0
0
0
0
0
0
0
0
0
0
0
0
0
0
0
0
0
0
0
0
0
2
1
1
0
1
1
2
1
1
2
1
3
4
4
4
2
4
3
4
5
0
4
0
2
6
2
0
1
1
0
2
0
1
1
0
0
1
3
3
0
3
4
1
2
3
7
1
3
5
4
8
5
11
9
17
21
33
19
29
33
20
21
29
60
36
35
192
75
16
30
36
30
37
10
4
211
426
1284
2555
978
20
0
0
0
0
0
1
0
0
1
1
0
0
0
0
0
0
0
0
0
0
0
0
0
0
0
0
0
0
0
0
0
0
0
0
0
0
0
0
0
0
0
0
0
0
0
0
0
0
0
0
0
0
0
0
0
0
0
0
0
0
0
0
0
0
0
0
0
0
0
0
0
0
0
0
0
0
0
0
0
0
0
0
0
0
0
0
0
0
0
0
0
0
0
0
0
0
0
0
0
0
0
0
0
0
0
0
0
0
0
0
0
0
0
0
0
0
0
0
0
0
0
0
0
0
0
0
0
0
0
0
0
0
0
0
0
0
0
0
0
0
0
0
0
0
0
0
0
0
0
0
0
0
0
0
0
0
0
0
0
0
0
0
0
0
0
0
0
0
0
0
0
1
0
0
0
0
0
2
0
2
0
0
2
1
1
2
0
1
2
4
5
7
1
10
1
7
6
1
5
0
2
0
2
0
0
2
1
0
1
1
0
1
0
2
2
3
1
1
3
3
1
3
9
1
0
6
8
8
9
17
20
20
25
26
34
33
21
24
29
43
44
52
267
56
15
38
21
12
14
12
1
47
544
1530
2489
952
30
0
0
0
0
0
1
0
0
0
0
0
0
0
0
0
0
0
0
0
0
0
0
0
0
0
0
0
0
0
0
0
0
0
0
0
0
0
0
0
0
0
0
0
0
0
0
0
0
0
0
0
0
0
0
0
0
0
0
0
0
0
0
0
0
0
0
0
0
0
0
0
0
0
0
0
0
0
0
0
0
0
0
0
0
0
0
0
0
0
0
0
0
0
0
0
0
0
0
0
0
0
0
0
0
0
0
0
0
0
0
0
0
0
0
0
0
0
0
0
0
0
0
0
0
0
0
0
0
0
0
0
0
0
0
0
0
0
0
0
0
0
0
0
0
0
0
0
0
0
0
0
0
0
0
0
0
0
0
0
0
0
0
0
0
0
0
0
0
0
0
0
0
0
0
0
1
0
0
0
0
2
3
1
2
1
0
2
0
0
7
0
0
7
2
8
5
3
1
2
0
1
1
0
1
2
1
0
1
1
0
0
1
0
2
0
1
3
1
1
4
3
2
4
4
5
4
8
5
18
17
22
25
32
30
18
29
17
28
29
55
47
52
300
79
22
43
26
8
20
15
10
85
674
551
2393
645
2
0
0
0
1
0
0
1
1
0
0
0
0
0
0
0
0
0
0
0
0
0
0
0
0
0
0
0
0
0
0
0
0
0
0
0
0
0
0
0
0
0
0
0
0
0
0
0
0
0
0
0
0
0
0
0
0
0
0
0
0
0
0
0
0
0
0
0
0
0
0
0
0
0
0
0
0
0
0
0
0
0
0
0
0
0
0
0
0
0
0
0
0
0
0
0
0
0
0
0
0
0
0
0
0
0
0
0
0
0
0
0
0
0
0
0
0
0
0
0
0
0
0
0
0
0
0
0
0
0
0
0
0
0
0
0
0
0
0
0
0
0
0
0
0
0
0
0
0
0
0
0
0
0
0
0
0
0
0
0
0
0
0
0
0
0
0
0
0
0
0
0
0
0
0
0
2
1
0
1
2
1
1
5
0
3
1
1
4
0
2
2
3
3
4
1
6
4
7
3
1
1
1
0
1
1
0
3
0
0
0
1
1
1
4
3
0
1
2
2
1
6
3
3
5
3
6
4
8
11
16
21
24
31
31
15
32
30
25
38
40
60
60
284
74
25
29
22
17
12
8
4
116
730
1376
1907
918
7
0
0
0
3
1
2
0
1
1
0
0
0
0
0
0
0
0
0
0
0
0
0
0
0
0
0
0
0
0
0
0
0
0
0
0
0
0
0
0
0
0
0
0
0
0
0
0
0
0
0
0
0
0
0
0
0
0
0
0
0
0
0
0
0
0
0
0
0
0
0
0
0
0
0
0
0
0
0
0
0
0
0
0
0
0
0
0
0
0
0
0
0
0
0
0
0
0
0
0
0
0
0
0
0
0
0
0
0
0
0
0
0
0
0
0
0
0
0
0
0
0
0
0
0
0
0
0
0
0
0
0
0
0
0
0
0
0
0
0
0
0
0
0
0
0
0
0
0
0
0
0
0
0
0
0
0
0
0
0
0
0
0
0
0
0
0
0
0
0
0
0
0
1
0
0
1
0
1
2
1
2
2
2
2
0
1
3
1
7
3
1
7
4
0
3
1
8
0
3
0
4
0
2
2
2
2
0
5
0
1
2
1
1
2
2
1
4
1
1
1
1
0
2
3
5
1
9
10
11
18
15
26
22
28
28
43
30
23
38
41
63
47
484
34
23
30
11
10
12
12
9
198
612
721
2048
410
0
0
0
0
0
0
1
0
0
0
0
0
0
0
0
0
0
0
0
0
0
0
0
0
0
0
0
0
0
0
0
0
0
0
0
0
0
0
0
0
0
0
0
0
0
0
0
0
0
0
0
0
0
0
0
0
0
0
0
0
0
0
0
0
0
0
0
0
0
0
0
0
0
0
0
0
0
0
0
0
0
0
0
0
0
0
0
0
0
0
0
0
0
0
0
0
0
0
0
0
0
0
0
0
0
0
0
0
0
0
0
0
0
0
0
0
0
0
0
0
0
0
0
0
0
0
0
0
0
0
0
0
0
0
0
0
0
0
0
0
0
0
0
0
0
0
0
0
0
0
0
0
0
0
0
0
0
0
0
0
0
0
0
0
0
0
0
0
0
0
0
0
0
0
1
4
1
0
0
2
1
0
0
1
4
1
1
1
5
1
4
3
1
3
0
1
4
0
3
2
7
2
2
1
1
0
1
0
0
0
4
3
0
1
2
1
0
2
3
2
2
1
3
0
6
3
4
0
6
9
17
15
26
29
28
37
34
18
20
29
52
61
143
513
55
37
29
27
18
11
3
17
64
597
1097
2129
395
0
0
0
0
0
0
1
0
0
0
0
0
0
0
0
0
0
0
0
0
0
0
0
0
0
0
0
0
0
0
0
0
0
0
0
0
0
0
0
0
0
0
0
0
0
0
0
0
0
0
0
0
0
0
0
0
0
0
0
0
0
0
0
0
0
0
0
0
0
0
0
0
0
0
0
0
0
0
0
0
0
0
0
0
0
0
0
0
0
0
0
0
0
0
0
0
0
0
0
0
0
0
0
0
0
0
0
0
0
0
0
0
0
0
0
0
0
0
0
0
0
0
0
0
0
0
0
0
0
0
0
0
0
0
0
0
0
0
0
0
0
0
0
0
0
0
0
0
0
0
0
0
0
0
0
0
0
0
0
0
0
0
0
0
0
0
0
0
0
0
0
0
0
1
0
1
0
1
1
1
1
1
1
0
0
1
2
1
3
5
2
3
9
1
7
0
4
6
1
2
2
1
3
0
2
1
2
2
0
2
0
0
1
1
1
0
0
1
2
1
1
2
2
1
3
6
3
5
11
17
15
21
27
30
26
33
32
25
21
15
56
54
61
681
85
31
25
10
11
15
7
16
156
929
1064
2244
566
0
1
0
0
1
0
0
0
0
0
0
0
0
0
0
0
0
0
0
0
0
0
0
0
0
0
0
0
0
0
0
0
0
0
0
0
0
0
0
0
0
0
0
0
0
0
0
0
0
0
0
0
0
0
0
0
0
0
0
0
0
0
0
0
0
0
0
0
0
0
0
0
0
0
0
0
0
0
0
0
0
0
0
0
0
0
0
0
0
0
0
0
0
0
0
0
0
0
0
0
0
0
0
0
0
0
0
0
0
0
0
0
0
0
0
0
0
0
0
0
0
0
0
0
0
0
0
0
0
0
0
0
0
0
0
0
0
0
0
0
0
0
0
0
0
0
0
0
0
0
0
0
0
0
0
0
0
0
0
0
0
0
0
0
0
0
0
0
0
0
0
0
0
3
0
0
0
1
0
1
0
1
1
0
1
2
2
2
3
0
5
12
3
4
1
2
5
5
2
2
1
1
1
4
2
0
2
0
1
2
4
0
0
2
1
0
3
3
1
0
2
1
1
3
1
6
3
9
14
13
11
20
13
25
33
29
22
27
20
27
61
31
93
568
44
40
37
21
7
13
9
8
58
756
1978
2115
212
0
0
0
1
0
0
0
0
0
0
0
0
0
0
0
0
0
0
0
0
0
0
0
0
0
0
0
0
0
0
0
0
0
0
0
0
0
0
0
0
0
0
0
0
0
0
0
0
0
0
0
0
0
0
0
0
0
0
0
0
0
0
0
0
0
0
0
0
0
0
0
0
0
0
0
0
0
0
0
0
0
0
0
0
0
0
0
0
0
0
0
0
0
0
0
0
0
0
0
0
0
0
0
0
0
0
0
0
0
0
0
0
0
0
0
0
0
0
0
0
0
0
0
0
0
0
0
0
0
0
0
0
0
0
0
0
0
0
0
0
0
0
0
0
0
0
0
0
0
0
0
0
0
0
0
0
0
0
0
0
0
0
0
0
0
0
0
0
0
0
0
0
1
0
1
1
0
1
0
2
1
1
2
1
7
0
2
4
3
1
6
2
7
2
7
2
2
2
2
0
0
1
0
1
1
0
2
0
1
2
0
2
4
1
2
1
2
1
4
0
3
4
3
2
3
9
4
8
11
12
13
28
20
28
22
26
23
32
33
32
41
45
58
1039
42
21
29
18
16
12
8
13
116
848
1638
1739
69
0
0
0
0
0
1
0
0
0
0
0
0
0
0
0
0
0
0
0
0
0
0
0
0
0
0
0
0
0
0
0
0
0
0
0
0
0
0
0
0
0
0
0
0
0
0
0
0
0
0
0
0
0
0
0
0
0
0
0
0
0
0
0
0
0
0
0
0
0
0
0
0
0
0
0
0
0
0
0
0
0
0
0
0
0
0
0
0
0
0
0
0
0
0
0
0
0
0
0
0
0
0
0
0
0
0
0
0
0
0
0
0
0
0
0
0
0
0
0
0
0
0
0
0
0
0
0
0
0
0
0
0
0
0
0
0
0
0
0
0
0
0
0
0
0
0
0
0
0
0
0
0
0
0
0
0
0
0
0
0
0
0
0
0
0
0
0
0
0
0
0
0
0
0
0
0
1
0
1
1
2
0
0
30
2
0
16
1
0
12
0
10
6
1
3
1
1
0
3
4
3
1
2
0
1
1
0
2
1
1
1
1
2
1
1
1
1
1
2
1
3
2
2
4
5
9
7
17
5
10
14
26
25
21
20
20
22
16
17
29
45
47
142
588
68
42
58
29
15
14
10
56
88
1415
1958
633
52
1
0
1
0
0
1
0
0
0
0
0
0
0
0
0
0
0
0
0
0
0
0
0
0
0
0
0
0
0
0
0
0
0
0
0
0
0
0
0
0
0
0
0
0
0
0
0
0
0
0
0
0
0
0
0
0
0
0
0
0
0
0
0
0
0
0
0
0
0
0
0
0
0
0
0
0
0
0
0
0
0
0
0
0
0
0
0
0
0
0
0
0
0
0
0
0
0
0
0
0
0
0
0
0
0
0
0
0
0
0
0
0
0
0
0
0
0
0
0
0
0
0
0
0
0
0
0
0
0
0
0
0
0
0
0
0
0
0
0
0
0
0
0
0
0
0
0
0
0
0
0
0
0
0
0
0
0
0
0
0
0
0
0
0
0
0
0
0
0
0
0
1
0
0
2
1
0
0
0
0
1
0
18
0
0
18
1
0
12
0
5
2
3
1
6
7
0
1
1
3
0
0
4
1
3
0
0
2
1
1
2
1
0
1
1
1
2
1
3
1
3
1
4
2
6
10
7
9
8
10
18
19
27
24
19
17
25
18
14
37
59
68
62
810
50
19
37
21
20
13
7
17
158
696
2979
619
0
0
0
2
0
5
0
0
0
0
0
0
0
0
0
0
0
0
0
0
0
0
0
0
0
0
0
0
0
0
0
0
0
0
0
0
0
0
0
0
0
0
0
0
0
0
0
0
0
0
0
0
0
0
0
0
0
0
0
0
0
0
0
0
0
0
0
0
0
0
0
0
0
0
0
0
0
0
0
0
0
0
0
0
0
0
0
0
0
0
0
0
0
0
0
0
0
0
0
0
0
0
0
0
0
0
0
0
0
0
0
0
0
0
0
0
0
0
0
0
0
0
0
0
0
0
0
0
0
0
0
0
0
0
0
0
0
0
0
0
0
0
0
0
0
0
0
0
0
0
0
0
0
0
0
0
0
0
0
0
0
0
0
0
0
0
0
0
0
0
0
0
0
0
1
1
0
0
1
6
0
0
10
0
1
6
0
4
0
8
13
0
10
1
7
9
2
9
3
2
0
2
6
1
2
1
1
2
0
1
0
0
1
3
1
0
0
1
0
3
2
2
0
1
3
1
9
9
6
8
8
18
16
18
22
22
16
21
14
27
23
56
83
95
874
50
46
39
30
17
12
13
36
358
1440
2295
785
5
0
0
0
2
2
1
0
0
0
0
0
0
0
0
0
0
0
0
0
0
0
0
0
0
0
0
0
0
0
0
0
0
0
0
0
0
0
0
0
0
0
0
0
0
0
0
0
0
0
0
0
0
0
0
0
0
0
0
0
0
0
0
0
0
0
0
0
0
0
0
0
0
0
0
0
0
0
0
0
0
0
0
0
0
0
0
0
0
0
0
0
0
0
0
0
0
0
0
0
0
0
0
0
0
0
0
0
0
0
0
0
0
0
0
0
0
0
0
0
0
0
0
0
0
0
0
0
0
0
0
0
0
0
0
0
0
0
0
0
0
0
0
0
0
0
0
0
0
0
0
0
0
0
0
0
0
0
0
0
0
0
0
0
0
0
0
0
0
0
0
0
0
0
1
0
1
1
33
2
0
19
1
1
0
0
2
0
4
2
1
5
0
11
1
0
3
0
7
0
10
0
1
1
3
1
1
1
0
1
1
2
2
3
0
3
0
1
2
3
3
2
2
3
1
4
8
13
5
7
12
9
22
11
18
20
15
25
34
37
42
40
55
95
717
60
19
33
26
16
14
5
38
198
1316
2255
419
2
0
0
0
3
2
0
0
0
0
0
0
0
0
0
0
0
0
0
0
0
0
0
0
0
0
0
0
0
0
0
0
0
0
0
0
0
0
0
0
0
0
0
0
0
0
0
0
0
0
0
0
0
0
0
0
0
0
0
0
0
0
0
0
0
0
0
0
0
0
0
0
0
0
0
0
0
0
0
0
0
0
0
0
0
0
0
0
0
0
0
0
0
0
0
0
0
0
0
0
0
0
0
0
0
0
0
0
0
0
0
0
0
0
0
0
0
0
0
0
0
0
0
0
0
0
0
0
0
0
0
0
0
0
0
0
0
0
0
0
0
0
0
0
0
0
0
0
0
0
0
0
0
0
0
0
0
0
0
0
0
0
0
0
0
0
0
0
0
0
0
0
0
0
0
0
0
5
1
44
1
0
11
0
0
7
0
5
0
5
2
0
5
5
0
4
5
3
1
2
7
9
1
1
5
1
5
0
1
2
2
1
1
2
2
2
1
2
2
1
5
0
3
3
0
5
9
8
7
7
10
17
9
16
16
12
18
24
17
28
27
64
80
83
888
42
32
35
20
17
13
17
50
234
514
1815
228
0
0
0
0
2
0
0
1
0
0
0
0
0
0
0
0
0
0
0
0
0
0
0
0
0
0
0
0
0
0
0
0
0
0
0
0
0
0
0
0
0
0
0
0
0
0
0
0
0
0
0
0
0
0
0
0
0
0
0
0
0
0
0
0
0
0
0
0
0
0
0
0
0
0
0
0
0
0
0
0
0
0
0
0
0
0
0
0
0
0
0
0
0
0
0
0
0
0
0
0
0
0
0
0
0
0
0
0
0
0
0
0
0
0
0
0
0
0
0
0
0
0
0
0
0
0
0
0
0
0
0
0
0
0
0
0
0
0
0
0
0
0
0
0
0
0
0
0
0
0
0
0
0
0
0
0
0
0
0
0
0
0
0
0
0
0
0
0
0
0
0
0
0
0
1
1
1
1
8
1
0
16
3
1
43
0
24
0
20
0
4
0
6
0
11
1
0
6
4
5
2
6
2
7
4
1
2
0
0
5
0
2
0
3
1
1
1
2
2
2
1
0
2
2
3
4
4
6
12
15
14
14
17
10
7
16
37
25
32
27
32
49
68
71
908
79
43
39
31
20
8
8
139
355
884
890
154
0
0
2
0
0
1
0
0
0
0
0
0
0
0
0
0
0
0
0
0
0
0
0
0
0
0
0
0
0
0
0
0
0
0
0
0
0
0
0
0
0
0
0
0
0
0
0
0
0
0
0
0
0
0
0
0
0
0
0
0
0
0
0
0
0
0
0
0
0
0
0
0
0
0
0
0
0
0
0
0
0
0
0
0
0
0
0
0
0
0
0
0
0
0
0
0
0
0
0
0
0
0
0
0
0
0
0
0
0
0
0
0
0
0
0
0
0
0
0
0
0
0
0
0
0
0
0
0
0
0
0
0
0
0
0
0
0
0
0
0
0
0
0
0
0
0
0
0
0
0
0
0
0
0
0
0
0
0
0
0
0
0
0
0
0
0
0
0
0
0
0
0
0
0
1
0
0
3
0
0
17
0
1
22
0
105
0
83
1
85
6
3
0
5
0
1
4
2
4
4
3
0
4
6
0
9
0
0
1
1
2
3
1
1
2
2
2
2
1
5
1
2
1
1
2
0
4
4
11
10
8
20
16
10
26
22
30
31
15
19
35
63
48
117
690
33
36
34
22
13
14
7
145
149
1257
1049
71
0
0
0
1
0
1
0
0
0
0
0
0
0
0
0
0
0
0
0
0
0
0
0
0
0
0
0
0
0
0
0
0
0
0
0
0
0
0
0
0
0
0
0
0
0
0
0
0
0
0
0
0
0
0
0
0
0
0
0
0
0
0
0
0
0
0
0
0
0
0
0
0
0
0
0
0
0
0
0
0
0
0
0
0
0
0
0
0
0
0
0
0
0
0
0
0
0
0
0
0
0
0
0
0
0
0
0
0
0
0
0
0
0
0
0
0
0
0
0
0
0
0
0
0
0
0
0
0
0
0
0
0
0
0
0
0
0
0
0
0
0
0
0
0
0
0
0
0
0
0
0
0
0
0
0
0
0
0
0
0
0
0
0
0
0
0
0
0
0
0
0
0
0
0
1
0
2
0
0
1
1
0
2
0
9
0
16
0
10
63
2
33
0
9
0
5
2
0
6
2
0
6
4
3
0
2
1
3
2
0
0
2
2
2
0
0
1
2
1
0
1
1
1
3
0
4
2
3
13
4
8
5
10
10
16
15
26
26
18
18
45
55
73
97
1250
67
42
45
25
9
15
11
189
504
1064
436
19
1
0
0
0
0
0
0
0
0
0
0
0
0
0
0
0
0
0
0
0
0
0
0
0
0
0
0
0
0
0
0
0
0
0
0
0
0
0
0
0
0
0
0
0
0
0
0
0
0
0
0
0
0
0
0
0
0
0
0
0
0
0
0
0
0
0
0
0
0
0
0
0
0
0
0
0
0
0
0
0
0
0
0
0
0
0
0
0
0
0
0
0
0
0
0
0
0
0
0
0
0
0
0
0
0
0
0
0
0
0
0
0
0
0
0
0
0
0
0
0
0
0
0
0
0
0
0
0
0
0
0
0
0
0
0
0
0
0
0
0
0
0
0
0
0
0
0
0
0
0
0
0
0
0
0
0
0
0
0
0
0
0
0
0
0
0
0
0
0
0
0
0
0
1
1
0
0
1
0
0
0
0
2
1
5
1
1
2
6
1
5
1
9
0
10
16
0
8
3
4
3
1
4
1
6
1
7
3
1
5
0
3
0
1
2
2
3
3
2
2
0
1
2
3
1
4
5
5
10
9
8
6
11
9
20
10
29
19
20
17
39
62
92
180
770
90
52
52
28
13
18
12
263
295
1491
447
1
0
0
0
0
0
1
0
0
0
0
0
0
0
0
0
0
0
0
0
0
0
0
0
0
0
0
0
0
0
0
0
0
0
0
0
0
0
0
0
0
0
0
0
0
0
0
0
0
0
0
0
0
0
0
0
0
0
0