7763268
0
0
0
0
0
0
0
12004
3076
600
153
74
72
371
1292
3019
5435
7807
6486
2538
8074
11769
15336
15542
15001
12951
12630
15492
20513
31177
13481
2213
998
1111
1238
1465
1479
1679
1784
1953
2007
2235
2437
2457
1881
1596
2123
2643
3037
3065
3256
3289
3491
3568
3674
3726
3436
2780
2372
2837
3412
3760
3852
4203
4163
4133
4146
4580
4808
4359
3896
4615
6040
7352
9026
10901
12382
13912
15630
17225
18483
18709
17055
16220
18945
24281
28443
31023
32203
34809
37328
40724
43230
45655
45202
41637
39984
45463
53061
57958
61284
64377
68076
67525
67033
66134
63816
59232
51993
47906
51153
57508
61563
63356
62810
62080
61015
60081
58462
55979
50660
43496
39880
41673
45640
47577
48162
47626
46446
44073
42190
40467
37922
33829
31648
33433
37721
40489
41367
41751
41626
40857
39487
37868
35655
33283
30215
29310
31361
34326
36295
36948
37986
38832
40138
40761
41194
38648
35707
32088
30740
33103
36858
39840
42088
43803
44466
44420
44437
43419
41723
38929
35557
33796
35540
38549
41076
42546
43569
44383
44435
44877
45367
43916
41794
38703
37507
41370
47928
54629
60088
64886
69512
73979
77830
78609
76008
70380
67376
71731
81074
89914
95996
98114
94604
88245
81499
74356
65400
56438
46411
40260
38697
38671
38169
37077
36255
35434
35582
35193
35831
35223
33914
30981
30045
32282
35556
38229
39117
40528
41019
43079
44091
44318
42140
35318
27317
20379
15876
12009
8233
4824
2538
1051
399
111
36
4
0
0
0
0
0
2
3
30
32
95
205
422
859
1924
10543
534505
663
115
110
129
170
368
841
2020
2679
2609
1777
915
2553
4581
5590
5431
5140
4910
4864
5840
5382
1153
676
728
669
650
825
984
993
1127
1203
1423
1311
1432
1599
1577
1117
1063
1333
1633
1795
1799
1879
1828
1884
1943
2088
2210
1960
1616
1452
1635
2078
2276
2445
2733
2646
2781
2675
3018
3258
3139
3010
3626
4720
5954
7486
9528
11183
12664
14384
16100
17219
17337
16469
16021
18094
22765
26858
29188
30524
32824
35490
38705
41240
43144
43139
40337
39749
43877
49981
55097
58748
61928
63774
64610
63983
63148
61203
56947
51031
48166
50199
54930
59044
61302
60695
60137
59332
58173
56936
53980
48683
43392
40139
41005
44009
45762
46488
45622
44522
42749
40709
39033
36438
33151
31971
33306
36100
38785
39846
39490
39752
38745
37796
36184
34218
31423
29308
28477
29981
31952
33903
34685
35552
36228
37512
38681
38050
36212
33621
30796
30317
31208
34266
37210
39617
40971
42245
42471
42378
41490
39910
37190
35149
33695
34780
36901
39251
40604
41130
41965
42053
42485
43073
41621
39743
37321
37176
39981
45051
51618
56854
61547
65475
69572
73402
75043
72192
68663
67240
69661
77253
85465
92102
95035
92736
85860
79457
71966
63721
54784
46618
41164
38635
37809
36557
34992
34302
33633
33445
33475
33826
33183
32229
30364
29900
31271
33716
35548
36400
37190
37532
39234
40442
41616
39494
32450
23903
17465
12710
8990
5964
3462
1648
688
227
108
144
51
43
32
47
47
36
55
162
59
29
46
96
225
705
2499
6823
