1024000
10
8
3
11
7
12
27
14
4
6
31
25
19
9
32
3
11
13
7
3
5
4
5
1
5
5
3
3
3
3
2
2
0
5
4
3
4
7
5
7
6
8
19
28
34
23
28
38
37
42
32
22
36
44
48
50
43
32
51
200
220
50
17
12
11
162
725
1055
969
238
0
0
0
1
0
0
0
1
1
2
2
0
2
0
0
0
0
0
0
0
0
0
0
0
0
0
0
0
0
0
0
0
0
0
0
0
0
0
0
0
0
0
0
0
0
0
0
0
0
0
0
0
0
0
0
0
0
0
0
0
0
0
0
0
0
0
0
0
0
0
0
0
0
0
0
0
0
0
0
0
0
0
0
0
0
0
0
0
0
0
0
0
0
0
0
0
0
0
0
0
0
0
0
0
0
0
0
0
0
0
0
0
0
0
0
0
0
0
0
0
0
0
0
0
0
0
0
0
0
0
0
0
0
0
0
0
0
0
0
0
0
0
0
0
0
0
0
0
0
0
0
0
0
0
0
0
0
0
0
0
0
0
0
0
0
0
0
0
0
0
0
0
4
0
0
2
0
1
0
3
0
8
0
13
6
5
4
5
6
0
6
17
15
11
12
29
18
25
4
33
36
13
15
6
11
9
4
2
2
4
2
1
4
2
1
0
0
3