1024000
0
0
0
0
0
0
0
0
0
0
0
0
0
0
0
0
0
0
0
0
0
0
0
0
0
0
0
0
0
0
0
0
0
0
0
0
0
0
0
0
0
0
0
0
0
0
0
0
0
0
0
0
0
0
0
0
0
0
0
0
0
0
0
0
0
0
0
0
0
0
0
0
0
0
0
0
0
0
0
0
0
0
0
0
0
0
0
0
0
0
0
0
0
0
0
0
0
0
0
0
0
0
0
0
0
0
0
0
0
0
0
0
0
0
0
0
0
0
0
0
0
0
0
0
0
0
0
0
0
0
0
0
0
0
0
0
5
0
10
0
0
19
0
25
9
2
44
0
23
0
27
0
29
38
0
29
33
4
36
8
39
45
29
9
12
16
17
9
2
7
7
6
8
8
3
8
6
5
6
4
3
10
9
6
9
5
12
15
13
16
15
33
32
37
30
39
49
47
49
36
41
76
35
16
83
622
305
790
3160
290
29
13
125
698
702
13
0
0
1
1
1
0
2
2
0
0
1
1
3
0
3
0
0
0
0
0
0
0
0
0
0
0
0
0
0
0
0
0
0
0
0
0
0
0
0
0
0
0
0
0
0
0
0
0
0
0
0
0
0
0
0
0
0
0
0
0
0
0
0
0
0
0
0
0
0
0
0
0