1024000
6
13
53
1
68
8
2
35
3
26
8
13
4
11
10
1
12
10
7
9
5
6
9
8
13
7
10
8
14
15
19
38
71
101
69
61
59
54
34
45
47
45
43
49
72
213
176
55
92
98
102
33
9
13
4
9
4
4
10
1
1
3
0
0
0
0
0
0
0
0
0
1
0
1
1
1
2
4
2
7
10
12
2
0
0
0
0
0
0
0
0
0
0
0
0
0
0
0
0
0
0
0
0
0
0
0
0
0
0
0
0
0
0
0
0
0
0
0
0
0
0
0
0
0
0
0
0
0
0
0
0
0
0
0
0
0
0
0
0
0
0
0
0
0
0
0
0
0
0
0
0
0
0
0
0
0
0
0
0
0
0
0
0
0
0
0
0
0
0
0
0
0
0
0
0
0
0
0
0
0
0
0
0
0
0
0
0
0
0
0
0
0
0
0
0
0
0
0
0
0
0
0
0
0
0
0
0
0
0
0
0
0
0
0
0
0
0
0
0
0
0
0
0
0
0
0
0
0
0
0
0
0
0
0
0
0
0
0
0
8
0
0
0
0
0
21
0
1
0
36
2
2
1
91
12
58
22
6
74
4
20
35
2
43
6
22
4
27
5
6
5
1
14
4
8
6
8
11
12
11
7
12
13
8
6
9
8
32