1024000
5
3
9
6
12
12
5
10
12
7
11
5
10
13
26
12
22
25
28
20
26
39
53
52
52
38
127
147
680
311
37
43
11
9
1
3
3
3
5
2
2
9
1
2
5
7
4
18
4
2
1
1
2
4
1
0
0
2
2
1
1
3
10
11
12
1
2
0
0
0
0
0
0
0
0
0
0
0
0
0
0
0
0
0
0
0
0
0
0
0
0
0
0
0
0
0
0
0
0
0
0
0
0
0
0
0
0
0
0
0
0
0
0
0
0
0
0
0
0
0
0
0
0
0
0
0
0
0
0
0
0
0
0
0
0
0
0
0
0
0
0
0
0
0
0
0
0
0
0
0
0
0
0
0
0
0
0
0
0
0
0
0
0
0
0
0
0
0
0
0
0
0
0
0
0
0
0
0
0
0
0
0
0
0
0
0
0
0
0
0
0
0
0
0
0
0
0
0
0
0
0
0
0
0
0
0
0
0
0
0
0
0
0
0
0
0
0
0
0
0
0
0
0
0
0
0
0
0
0
0
0
0
0
42
2
1
1
0
19
77
4
0
0
80
5
0
60
23
6
45
6
4
14
2
9
4
3
2
3
7
1
19
1
15
7
5
12
6
13
2
19
17
25
21
43
29
29
38
37
50
48
52
59
137
122
555
227
434