1024000
45
0
43
5
3
84
7
49
9
6
81
6
36
1
38
2
17
20
5
9
10
5
10
1
15
22
9
7
12
13
9
5
7
11
8
11
4
3
4
12
32
28
51
49
44
42
38
38
60
59
65
96
43
23
147
210
88
240
455
492
7
4
9
25
17
0
0
1
0
0
0
0
0
0
0
0
0
0
0
0
1
0
1
0
1
1
0
2
9
3
1
0
0
0
0
0
0
0
0
0
0
0
0
0
0
0
0
0
0
0
0
0
0
0
0
0
0
0
0
0
0
0
0
0
0
0
0
0
0
0
0
0
0
0
0
0
0
0
0
0
0
0
0
0
0
0
0
0
0
0
0
0
0
0
0
0
0
0
0
0
0
0
0
0
0
0
0
0
0
0
0
0
0
0
0
0
0
0
0
0
0
0
0
0
0
0
0
0
0
0
0
0
0
0
0
0
0
0
0
0
0
0
0
0
0
0
0
0
0
0
0
0
0
0
0
0
0
0
0
0
0
0
0
0
0
0
0
0
0
0
0
0
0
0
0
0
0
0
0
0
0
0
1
0
0
0
0
0
9
1
0
0
34
1
0
1
33
0
25
34
3
39
2
1
79
1
47
19
67
7
55
5
35
22
8
11
12
14
5
13
12
9
7
8
13
13
4
3