1024000
0
0
0
0
0
0
0
0
0
0
0
0
0
0
0
0
0
0
0
0
0
0
0
0
0
0
0
0
0
0
0
0
0
17
0
135
0
4
2
1
0
104
7
0
2
6
2
6
0
4
0
3
0
0
0
0
0
2
0
0
5
0
0
0
2
0
0
1
1
0
0
0
4
2
2
1
2
42
81
182
106
164
137
31
44
46
102
43
38
16
20
33
25
21
30
27
14
3
6
11
9
8
9
14
15
10
1
9
10
3
10
4
11
13
6
6
6
2
24
20
22
18
33
37
9
5
8
35
54
41
1
2
32
88
65
46
4
2
34
53
60
4
2
0
1
17
23
34
1
0
0
1
0
5
2
3
0
0
0
0
1
0
0
0
0
0
0
0
0
0
0
0
0
0
0
0
0
0
0
0
0
0
0
0
0
0
0
0
0
0
0
0
0
0
0
0
0
0
0
0
0
0
0
1
0
1
1
0
0
0
1
1
0
0
0
0
0
0
0
0
0
0
0
0
0
0
0
0
0
0
0
0
0
0
0
0
0
0
0
0
0
0
0
0
0
0
0
0
0
0
0
0
0
0
0
0
