1024000
0
0
0
0
0
0
0
0
0
0
0
0
0
0
0
0
0
0
0
0
0
0
0
0
0
0
0
0
0
0
0
0
0
0
0
0
0
0
0
0
0
0
0
0
0
0
0
0
0
0
0
0
0
0
0
0
0
0
0
0
0
0
0
0
0
0
0
0
0
0
0
0
0
0
0
0
0
0
0
0
0
0
0
0
0
0
0
0
0
0
0
0
0
0
0
0
0
0
0
0
0
0
0
0
0
0
0
0
0
0
0
0
0
0
0
0
0
0
5
9
2
1
1
0
0
1
1
0
2
0
0
0
0
0
0
1
0
0
2
2
2
0
0
72
738
502
50
9
57
58
82
128
172
208
36
24
43
47
33
34
22
49
33
38
33
36
35
26
28
16
22
18
9
7
8
6
5
5
2
3
2
2
0
2
1
1
0
2
1
1
2
3
2
0
1
20
25
5
3
6
1
6
4
0
0
0
0
0
2
1
1
0
0
1
1
1
0
0
0
0
0
0
1
0
0
0
0
0
0
0
3
1
0
0
0
0
0
0
0
0
0
0
0
0
0
0
0
0
0
0
0
0
0
0
0
0
