1024000
0
0
0
0
0
0
0
0
0
0
0
0
0
0
0
0
0
0
0
0
0
0
0
0
0
0
0
0
0
0
0
0
0
0
0
0
0
0
0
0
0
0
0
0
0
0
0
0
0
0
0
0
0
0
0
0
0
0
0
0
0
0
0
0
0
0
0
0
0
0
0
0
0
0
0
0
0
0
0
0
0
0
0
0
0
0
0
0
0
0
0
0
0
0
0
0
0
0
0
0
0
0
0
0
0
0
0
0
0
0
0
0
0
0
0
8
4
6
1
0
2
0
0
0
0
0
0
0
1
0
1
0
0
1
0
2
0
1
4
1
1
45
702
627
141
8
6
177
489
231
171
650
160
22
25
66
48
43
41
42
34
28
34
24
25
35
22
25
16
11
11
8
5
3
5
1
4
3
1
2
1
1
1
1
1
0
0
2
0
3
0
5
10
4
18
16
0
0
0
1
6
3
2
0
0
0
2
0
0
2
1
0
1
0
0
1
0
1
0
1
0
0
0
1
0
0
0
0
0
2
1
5
0
0
0
0
0
0
0
0
0
0
0
0
0
0
0
0
0
0
0
0
0
0
0
0
