1024000
0
0
0
0
0
0
0
0
0
0
0
0
0
0
0
0
0
0
0
0
0
0
0
0
0
0
0
0
0
0
0
0
0
0
0
0
0
0
0
0
0
0
0
0
0
0
0
0
0
0
0
0
0
0
0
0
0
0
0
0
0
0
0
0
0
0
0
0
0
0
0
0
0
0
0
0
0
0
0
0
0
0
0
0
0
0
0
0
0
0
0
0
2
0
2
3
6
7
3
1
1
1
1
0
1
0
0
0
0
0
0
0
0
0
0
0
0
0
0
0
3
5
13
27
9
6
294
1023
694
237
307
284
48
28
31
74
57
53
43
32
42
33
30
40
31
22
31
14
17
6
10
7
8
5
3
6
4
3
3
1
2
2
3
5
2
2
1
2
1
0
2
3
3
0
1
0
0
1
4
7
2
2
2
1
7
9
1
5
6
3
2
1
0
0
0
0
3
0
1
0
0
0
0
0
0
0
0
0
0
0
0
1
0
0
0
1
0
0
0
0
0
0
0
0
1
0
0
0
0
0
0
0
0
0
0
0
0
0
0
0
0
0
0
0
0
0
0
0
0
0
0
0
0
0
0
0
