1024000
0
0
0
0
0
0
0
0
0
0
0
0
0
0
0
0
0
0
0
0
0
0
0
0
0
0
0
0
0
0
0
0
0
0
0
0
0
0
0
0
0
0
0
0
0
0
0
0
0
0
0
0
0
0
0
0
0
0
0
0
0
0
0
0
0
0
0
0
0
0
0
0
0
0
0
0
0
0
0
0
0
0
0
0
0
0
0
0
0
0
0
0
0
0
0
0
0
0
0
0
0
0
0
0
0
0
0
3
5
12
7
5
1
3
1
3
0
1
0
0
0
0
1
0
0
1
0
0
0
0
0
0
2
0
343
512
181
9
5
585
687
1536
790
389
1189
59
19
24
34
54
35
56
42
25
45
33
38
35
20
17
51
30
51
14
14
8
3
1
3
5
2
2
4
2
4
1
1
3
2
1
1
0
0
1
1
0
1
5
1
0
3
4
6
11
6
5
0
0
6
0
1
1
0
0
0
0
0
0
0
0
1
0
0
0
0
0
0
1
0
0
3
0
0
0
1
2
1
0
1
1
5
0
0
0
0
0
0
0
0
0
0
0
0
0
0
0
0
0
0
0
0
0
0
0
0
0
