1024000
0
0
0
0
0
0
0
0
0
0
0
0
0
0
0
0
0
0
0
0
0
0
0
0
0
0
0
0
0
0
0
0
0
0
0
0
0
0
0
0
0
0
0
0
0
0
0
0
0
0
0
0
0
0
0
0
0
0
0
0
0
0
0
0
0
0
0
0
0
0
0
0
0
0
0
0
0
0
0
0
0
0
0
0
0
0
0
0
0
0
0
0
0
0
0
0
0
0
0
0
0
0
0
0
0
3
6
9
6
2
4
2
3
0
0
1
0
0
0
0
0
1
0
0
0
1
0
0
0
0
0
0
307
186
78
7
16
162
1485
2087
506
304
622
139
16
22
62
47
30
46
40
42
48
37
30
32
23
15
32
27
20
28
6
8
2
4
3
2
6
1
2
1
0
2
0
2
2
1
1
3
0
2
1
2
0
1
1
5
7
4
6
3
0
10
8
11
28
3
0
1
0
2
0
0
1
0
0
0
0
0
0
0
0
0
0
0
0
0
0
1
0
1
0
2
0
0
0
0
1
1
0
0
0
0
0
0
0
0
0
0
0
0
0
0
0
0
0
0
0
0
0
0
0
0
0
0
