1024000
0
0
0
0
0
0
0
0
0
0
0
0
0
0
0
0
0
0
0
0
0
0
0
0
0
0
0
0
0
0
0
0
0
0
0
0
0
0
0
0
0
0
0
0
0
0
0
0
0
0
1
0
5
0
3
7
1
5
3
4
1
7
4
9
3
3
1
4
9
2
3
3
2
0
0
0
2
4
3
3
1
3
2
1
1
2
5
3
10
22
471
426
680
122
96
58
58
51
39
44
26
46
71
57
123
88
77
31
18
19
14
6
4
8
5
14
10
8
10
12
13
12
12
14
9
2
7
9
4
10
5
10
11
18
19
22
32
10
3
5
51
32
33
8
32
28
14
2
2
21
12
21
4
17
10
5
0
0
4
5
0
2
0
0
1
0
1
0
0
0
0
0
1
0
0
0
0
0
0
0
0
0
0
0
0
0
0
0
0
0
0
0
0
0
0
0
0
0
0
0
0
0
0
0
0
0
0
0
0
0
0
0
0
0
0
0
0
0
0
0
0
0
0
0
0
0
0
0
0
0
0
0
0
0
0
0
0
0
0
0
0
0
0
0
0
0
0
0
0
0
0
0
0
0
0
0
