1024000
0
0
0
0
0
0
0
0
0
0
0
0
0
0
0
0
0
0
0
0
0
0
0
0
0
0
0
0
0
0
0
0
0
0
0
0
0
0
0
0
0
0
0
0
0
0
0
0
0
0
0
0
0
0
0
0
0
0
0
0
0
0
0
0
0
0
0
0
0
0
0
0
0
0
0
0
0
0
0
0
0
0
0
0
0
0
0
0
0
0
0
0
0
0
0
0
0
0
0
0
0
0
0
0
0
0
0
0
0
1
2
0
25
29
8
3
2
0
0
1
0
0
0
0
0
0
0
0
0
0
0
0
0
0
3
2
1
415
534
395
53
10
29
58
2269
1119
358
675
78
24
38
42
55
35
42
42
32
41
40
27
31
26
28
34
31
20
7
5
10
5
4
4
5
2
3
3
1
2
4
0
0
1
1
2
1
0
1
2
0
0
1
1
2
12
21
8
3
5
1
0
0
0
0
0
0
1
0
0
0
0
0
0
0
0
0
0
0
0
1
0
0
0
0
0
0
0
1
0
1
1
5
0
0
0
0
0
0
0
0
0
0
0
0
0
0
0
0
0
0
0
0
0
0
0
0
0
