1024000
1
0
1
0
0
0
0
0
0
0
3
1
0
1
0
0
0
0
0
0
0
0
0
0
0
0
0
0
0
0
0
0
0
0
0
0
0
0
0
0
0
0
0
0
0
0
0
0
0
0
0
0
0
0
0
0
0
0
0
0
0
0
0
0
0
0
0
0
0
0
0
0
0
0
0
0
0
0
0
0
0
0
0
0
0
0
0
0
0
0
0
0
0
0
0
0
0
0
0
0
0
0
0
0
0
0
0
0
0
0
0
0
0
0
0
0
0
0
0
0
0
0
0
0
0
0
0
0
0
0
0
0
0
0
0
0
0
0
0
0
0
0
0
0
0
0
0
0
0
0
0
0
0
0
0
0
0
0
0
0
0
0
0
0
0
0
0
0
0
0
4
2
0
12
0
0
27
0
11
0
0
17
0
12
0
12
0
17
12
1
13
14
1
27
13
8
38
24
32
3
25
20
25
7
14
2
7
11
9
2
3
2
5
6
2
2
1
4
3
10
5
9
6
7
12
7
10
10
11
14
10
27
22
38
67
43
25
40
44
35
69
65
38
18
274
866
171
75
82
61
27
22
353
1175
954
348
1
1
0
2
1
1
1
0
0
0
1
0
1
0
0
0
0
0
0
0
0
0
0
0
0
0
0
0
0
0
0
0