1024000
49
59
44
67
60
51
31
42
49
38
58
57
78
50
195
148
82
28
49
13
8
6
3
10
20
6
2
1
0
0
0
1
1
1
0
1
0
0
1
0
0
0
1
0
3
2
5
5
14
15
0
2
0
0
0
0
0
0
0
0
0
0
0
0
0
0
0
0
0
0
0
0
0
0
0
0
0
0
0
0
0
0
0
0
0
0
0
0
0
0
0
0
0
0
0
0
0
0
0
0
0
0
0
0
0
0
0
0
0
0
0
0
0
0
0
0
0
0
0
0
0
0
0
0
0
0
0
0
0
0
0
0
0
0
0
0
0
0
0
0
0
0
0
0
0
0
0
0
0
0
0
0
0
0
0
0
0
0
0
0
0
0
0
0
0
0
0
0
0
0
0
0
0
0
0
0
0
0
0
0
0
0
0
0
0
0
0
0
0
0
0
0
0
0
0
0
0
0
0
0
0
0
0
0
0
0
0
3
2
0
0
0
0
24
2
0
0
47
1
2
1
75
11
2
103
3
38
2
5
50
5
27
24
29
21
21
16
13
1
6
7
11
16
5
18
11
12
10
16
5
5
5
4
12
15
12
24
97
117
40
55
40
59
38
34
53
40
31
81
34
61
156
152
70
38
169
74
2
0
10
6
13
7
4
0
3
1
3