1024000
8
2
8
0
0
0
2
0
1
0
18
1
2
0
0
0
0
0
0
0
0
0
0
0
0
0
0
0
0
0
0
0
0
0
0
0
0
0
0
0
0
0
0
0
0
0
0
0
0
0
0
0
0
0
0
0
0
0
0
0
0
0
0
0
0
0
0
0
0
0
0
0
0
0
0
0
0
0
0
0
0
0
0
0
0
0
0
0
0
0
0
0
0
0
0
0
0
0
0
0
0
0
0
0
0
0
0
0
0
0
0
0
0
0
0
0
0
0
0
0
0
0
0
0
0
0
0
0
0
0
0
0
0
0
0
0
0
0
0
0
0
0
0
0
0
0
0
0
0
0
0
0
0
0
0
0
0
0
0
0
0
0
0
0
0
0
0
0
0
0
0
0
0
0
0
0
0
0
0
0
0
0
0
20
11
0
0
1
1
0
1
0
188
2
0
4
0
76
67
6
3
18
22
11
4
5
13
13
19
8
13
18
2
13
5
3
8
11
16
9
36
24
66
28
55
130
191
165
279
92
32
21
4
2
2
3
0
0
0
0
0
1
0
0
1
2
2
2
1
2
1
3
4
0
4
4
6
3
0
5
6
2
0
0
0
0
5
1
3
1
1
0
0
0
0
0
0
0
0
0
0
0
0
0
0
0
0
0