7763268
0
0
0
0
0
0
0
12004
3076
600
153
74
72
371
1292
3019
5435
7807
6486
2538
8074
11769
15336
15542
15001
12951
12630
15492
20513
31177
13481
2213
998
1111
1238
1465
1479
1679
1784
1953
2007
2235
2437
2457
1881
1596
2123
2643
3037
3065
3256
3289
3491
3568
3674
3726
3436
2780
2372
2837
3412
3760
3852
4203
4163
4133
4146
4580
4808
4359
3896
4615
6040
7352
9026
10901
12382
13912
15630
17225
18483
18709
17055
16220
18945
24281
28443
31023
32203
34809
37328
40724
43230
45655
45202
41637
39984
45463
53061
57958
61284
64377
68076
67525
67033
66134
63816
59232
51993
47906
51153
57508
61563
63356
62810
62080
61015
60081
58462
55979
50660
43496
39880
41673
45640
47577
48162
47626
46446
44073
42190
40467
37922
33829
31648
33433
37721
40489
41367
41751
41626
40857
39487
37868
35655
33283
30215
29310
31361
34326
36295
36948
37986
38832
40138
40761
41194
38648
35707
32088
30740
33103
36858
39840
42088
43803
44466
44420
44437
43419
41723
38929
35557
33796
35540
38549
41076
42546
43569
44383
44435
44877
45367
43916
41794
38703
37507
41370
47928
54629
60088
64886
69512
73979
77830
78609
76008
70380
67376
71731
81074
89914
95996
98114
94604
88245
81499
74356
65400
56438
46411
40260
38697
38671
38169
37077
36255
35434
35582
35193
35831
35223
33914
30981
30045
32282
35556
38229
39117
40528
41019
43079
44091
44318
42140
35318
27317
20379
15876
12009
8233
4824
2538
1051
399
111
36
4
0
0
0
0
0
2
3
30
32
95
205
422
859
1924
10543
375527
681
136
115
150
175
386
839
2025
3106
3560
2751
1149
3557
5912
8238
8901
9139
8213
7860
8196
9593
4761
1003
824
771
776
929
1080
1128
1261
1329
1579
1495
1562
1719
1758
1244
1224
1440
1792
2027
2014
2129
2112
2255
2416
2539
2695
2379
2025
1786
2068
2493
2861
2871
3327
3338
3370
3394
3923
4176
3795
3610
4186
5361
6615
8083
10108
11585
13216
14689
16466
17663
17527
16748
16208
18323
22989
27040
29502
30655
32942
35695
38991
41343
43365
43052
40671
39964
43929
50165
55431
58730
62031
64728
65019
64660
63710
62591
57357
51855
48815
50857
55511
60020
61887
61483
60812
59404
58979
57160
54693
49324
43570
40615
41385
44324
46358
46740
46273
45131
43156
41453
39445
37010
33727
32283
33622
36875
38869
40302
40346
39858
39323
38199
36600
34474
32028
29735
29148
30118
32512
34743
35109
36152
37033
38340
39560
39005
37737
34366
32029
31224
32626
35323
38823
40992
42569
43140
43877
43205
42551
40943
37838
35723
34883
35577
37900
39921
41689
42420
42925
43374
43590
43763
42933
40542
37834
37882
40620
45523
52179
57520
62351
66244
70189
74651
75700
73742
69552
68247
71358
78593
87120
93598
96648
93650
87032
79901
72965
64215
55036
47124
41099
39076
38056
37087
35439
34460
33936
34023
33805
34197
33660
32666
30853
30444
32274
34571
36386
37389
37905
38488
39920
41618
42731
40918
33772
25068
18238
13347
9423
6100
3512
1711
676
219
111
142
38
55
37
39
45
31
67
155
48
34
41
97
214
759
2484
6801
