1024000
0
0
0
0
0
0
0
0
0
0
0
0
0
0
0
0
0
0
0
0
0
0
0
0
0
0
0
0
0
0
0
0
0
0
0
0
0
0
0
0
0
0
0
0
0
0
0
0
0
0
0
0
0
0
0
0
0
0
0
0
0
0
0
0
0
0
0
0
0
0
0
0
0
0
0
0
0
0
0
0
0
0
0
0
0
0
0
0
0
0
0
0
0
0
0
0
0
0
0
0
0
0
0
0
0
0
0
0
0
0
0
0
0
0
0
0
0
0
0
0
0
0
0
0
0
0
0
0
0
0
0
0
0
0
0
1
0
0
0
2
0
4
4
0
9
1
4
9
0
8
1
14
1
18
0
17
21
3
18
5
16
10
14
31
15
26
10
35
41
27
8
21
16
11
10
13
10
3
7
4
1
3
2
1
3
3
4
2
2
4
5
4
6
9
7
5
9
9
23
8
32
26
34
41
40
42
36
56
42
46
42
39
27
379
650
166
128
38
54
41
38
306
878
1044
193
14
0
0
0
0
0
0
0
0
1
2
0
0
0
1
0
0
0
0
0
0
0
0
0
0
0
0
0
0
0
0
0
0
0
0
0
0
0
0
0
0
0
0
0
0
0
0
0
0
0
0
0
0
0
0
0
0
0
0
0
0
0
0