1024000
0
0
0
0
0
0
0
0
0
0
0
0
0
0
0
0
0
0
0
0
0
0
0
0
0
0
0
0
0
0
0
0
0
0
0
0
0
0
0
0
0
0
0
0
0
0
0
0
0
0
0
0
0
0
0
0
0
0
0
0
0
0
0
0
0
0
0
0
0
0
0
0
0
0
0
0
0
0
3
2
0
0
0
21
26
1
0
46
25
9
0
88
5
4
96
9
9
32
4
32
10
3
19
11
9
4
16
4
11
7
6
16
20
9
18
20
9
9
9
10
11
13
16
10
31
111
82
84
103
60
51
45
54
39
31
35
66
77
228
142
47
56
73
17
10
8
8
4
12
1
13
5
15
1
0
1
1
1
0
0
2
1
0
0
0
1
0
0
0
0
1
5
9
9
6
3
3
0
0
0
0
0
0
0
0
0
0
0
0
0
0
0
0
0
0
0
0
0
0
0
0
0
0
0
0
0
0
0
0
0
0
0
0
0
0
0
0
0
0
0
0
0
0
0
0
0
0
0
0
0
0
0
0
0
0
0
0
0
0
0
0
0
0
0
0
0
0
0
0
0
0
0
0
0
0
0
0
0
0
0
0
0
0
0
0
0
0
0
0
0
0
0
0
0
0
0
0
0
0
0
0
0
0
0
0
0
0
0