1024000
24
16
24
8
5
9
7
9
6
5
2
11
3
5
5
4
5
3
11
6
3
8
8
30
32
21
39
35
44
46
49
45
53
49
43
44
29
75
46
43
77
410
321
503
1984
1485
322
5
19
479
534
179
0
1
4
0
2
1
0
0
0
1
1
0
1
0
0
1
0
1
0
1
1
2
0
0
0
0
0
0
0
0
0
0
0
0
0
0
0
0
0
0
0
0
0
0
0
0
0
0
0
0
0
0
0
0
0
0
0
0
0
0
0
0
0
0
0
0
0
0
0
0
0
0
0
0
0
0
0
0
0
0
0
0
0
0
0
0
0
0
0
0
0
0
0
0
0
0
0
0
0
0
0
0
0
0
0
0
0
0
0
0
0
0
0
0
0
0
0
0
0
0
0
0
0
0
0
0
0
0
0
0
0
0
0
0
0
0
0
0
0
0
0
0
0
0
0
0
0
0
0
0
0
0
0
0
0
0
0
0
0
0
0
0
0
0
0
0
0
0
0
0
0
0
0
0
0
1
0
0
4
6
0
9
0
0
27
1
20
19
1
53
1
28
4
31
4
32
37
1
39
34
5
26
10
25
24
24
16
7
14
9
6
8
15
7
5
4
5
3
7
3
7
5
5
6
11
7
12
10
13
26
25
27
34
33
43
47